"V1" "V2" "V3" "V4" "V5" "covar"
"1" 0 0 0 0 0 0
"2" 0 0 0 0 0 0
"3" 1 1 0 0 0 1
"4" 1 0 0 0 1 1
"5" 0 0 0 1 1 1
"6" 0 1 0 0 1 1
"7" 0 0 0 0 0 0
"8" 0 1 0 1 1 1
"9" 0 0 0 0 0 0
"10" 1 0 0 0 0 0
"11" 1 0 0 0 0 0
"12" 1 0 0 0 1 1
"13" 0 0 0 0 1 0
"14" 0 0 0 1 0 0
"15" 1 0 0 0 0 0
"16" 1 0 1 0 1 1
"17" 0 0 0 0 0 0
"18" 0 0 0 0 0 0
"19" 0 1 0 1 1 1
"20" 1 0 0 0 0 0
"21" 0 0 0 0 0 0
"22" 0 0 0 1 1 1
"23" 1 0 0 0 0 0
"24" 1 0 0 0 0 0
"25" 1 0 0 0 0 0
"26" 1 0 0 1 1 1
"27" 0 0 0 1 1 1
"28" 0 0 0 0 0 0
"29" 1 0 0 1 1 1
"30" 0 0 0 0 0 0
"31" 1 0 0 0 0 0
"32" 0 1 1 0 1 1
"33" 0 1 0 0 0 0
"34" 1 0 0 0 1 1
"35" 1 1 0 0 0 1
"36" 1 0 0 0 1 1
"37" 0 0 0 0 0 0
"38" 1 0 0 1 1 1
"39" 0 1 0 0 1 1
"40" 0 0 0 0 1 0
"41" 0 0 0 1 0 0
"42" 0 0 0 0 1 0
"43" 0 0 0 1 1 1
"44" 0 0 0 0 0 0
"45" 0 0 0 0 0 0
"46" 1 0 0 1 0 1
"47" 1 0 0 1 0 1
"48" 0 0 0 1 1 1
"49" 0 0 0 0 0 0
"50" 0 0 0 0 1 0
"51" 1 0 0 0 1 1
"52" 1 0 0 0 1 1
"53" 1 0 0 0 0 0
"54" 0 0 0 0 0 0
"55" 1 0 0 0 0 0
"56" 0 0 0 1 1 1
"57" 0 0 1 0 1 1
"58" 1 0 0 0 0 0
"59" 1 0 1 0 0 1
"60" 1 0 0 0 0 0
"61" 0 0 0 0 0 0
"62" 0 0 0 0 0 0
"63" 0 0 1 0 1 1
"64" 0 0 0 0 1 0
"65" 1 0 0 0 1 1
"66" 0 0 0 1 1 1
"67" 0 1 0 1 1 1
"68" 0 0 0 1 1 1
"69" 0 0 0 0 0 0
"70" 0 0 0 0 1 0
"71" 0 1 0 0 0 0
"72" 0 1 0 0 1 1
"73" 0 0 0 0 0 0
"74" 0 0 0 0 1 0
"75" 0 1 0 0 0 0
"76" 1 0 0 0 1 1
"77" 0 0 1 0 1 1
"78" 0 1 0 1 1 1
"79" 0 1 0 0 0 0
"80" 0 0 0 1 0 0
"81" 0 1 0 0 1 1
"82" 0 0 0 0 1 0
"83" 0 1 0 0 1 1
"84" 0 1 1 0 0 1
"85" 1 0 0 0 0 0
"86" 1 0 0 1 1 1
"87" 0 0 0 0 1 0
"88" 1 1 0 1 0 1
"89" 0 0 0 0 1 0
"90" 0 0 0 0 0 0
"91" 0 0 1 0 0 0
"92" 0 1 1 1 0 1
"93" 1 0 0 1 1 1
"94" 1 0 0 0 0 0
"95" 0 0 0 0 1 0
"96" 0 1 0 1 1 1
"97" 0 0 0 0 0 0
"98" 1 0 0 0 1 1
"99" 1 0 0 0 1 1
"100" 1 0 0 0 1 1
"101" 0 0 0 0 0 0
"102" 1 0 0 0 0 0
"103" 1 1 1 0 1 1
"104" 1 0 0 0 1 1
"105" 0 1 0 0 0 0
"106" 1 0 0 0 0 0
"107" 0 1 0 0 1 1
"108" 0 0 0 0 1 0
"109" 0 0 0 0 0 0
"110" 1 0 0 1 1 1
"111" 0 0 0 0 1 0
"112" 0 0 0 0 1 0
"113" 0 0 0 1 1 1
"114" 1 0 0 1 1 1
"115" 0 0 0 0 1 0
"116" 0 0 0 0 0 0
"117" 0 0 0 0 1 0
"118" 1 0 0 0 1 1
"119" 0 0 0 0 0 0
"120" 1 1 1 0 1 1
"121" 0 0 0 1 1 1
"122" 1 0 0 0 1 1
"123" 1 0 0 0 1 1
"124" 0 0 0 0 1 0
"125" 0 1 0 0 0 0
"126" 0 0 0 0 0 0
"127" 0 1 0 0 1 1
"128" 0 0 0 0 0 0
"129" 1 0 0 1 0 1
"130" 1 0 0 0 1 1
"131" 0 0 0 0 1 0
"132" 0 0 0 1 1 1
"133" 0 0 0 1 1 1
"134" 0 0 0 0 0 0
"135" 0 0 0 0 1 0
"136" 1 0 0 0 0 0
"137" 0 0 0 0 1 0
"138" 0 1 0 0 1 1
"139" 0 0 0 0 1 0
"140" 1 0 0 0 0 0
"141" 1 0 0 0 1 1
"142" 1 0 0 0 1 1
"143" 1 0 0 0 0 0
"144" 1 0 0 1 1 1
"145" 0 0 0 0 0 0
"146" 0 0 0 0 1 0
"147" 1 0 0 0 1 1
"148" 0 0 0 0 1 0
"149" 1 0 0 0 0 0
"150" 0 0 0 0 0 0
"151" 1 1 0 1 0 1
"152" 0 0 0 1 1 1
"153" 0 0 0 0 0 0
"154" 1 0 0 0 0 0
"155" 0 0 0 0 1 0
"156" 1 0 0 0 1 1
"157" 0 0 0 1 0 0
"158" 0 0 1 1 1 1
"159" 0 1 0 0 1 1
"160" 0 1 0 0 1 1
"161" 1 0 0 1 0 1
"162" 0 0 0 0 0 0
"163" 1 1 0 0 1 1
"164" 0 0 1 0 1 1
"165" 0 0 0 0 1 0
"166" 1 1 0 0 1 1
"167" 0 1 0 0 0 0
"168" 0 0 0 1 1 1
"169" 0 0 0 1 0 0
"170" 0 0 0 1 0 0
"171" 0 0 1 0 0 0
"172" 1 0 0 0 0 0
"173" 1 0 0 0 1 1
"174" 0 0 0 0 0 0
"175" 0 0 0 0 1 0
"176" 1 1 0 0 0 1
"177" 0 0 0 0 0 0
"178" 1 1 1 1 1 1
"179" 1 0 1 1 1 1
"180" 1 1 0 0 1 1
"181" 0 1 0 0 0 0
"182" 1 0 0 0 0 0
"183" 1 0 0 0 0 0
"184" 0 0 0 0 1 0
"185" 0 0 0 1 1 1
"186" 0 0 0 0 0 0
"187" 1 0 0 0 1 1
"188" 1 0 0 0 0 0
"189" 1 0 1 0 1 1
"190" 0 0 0 0 0 0
"191" 0 0 0 1 0 0
"192" 0 1 0 1 0 1
"193" 1 0 0 0 1 1
"194" 1 0 0 1 0 1
"195" 0 0 0 1 0 0
"196" 1 0 0 0 0 0
"197" 0 1 1 0 0 1
"198" 1 1 0 0 1 1
"199" 0 0 0 0 1 0
"200" 0 1 0 1 0 1
"201" 1 0 0 0 1 1
"202" 1 0 0 0 1 1
"203" 1 0 0 0 1 1
"204" 1 1 0 0 0 1
"205" 0 0 0 1 1 1
"206" 0 1 0 0 0 0
"207" 0 0 1 1 1 1
"208" 0 0 0 0 0 0
"209" 0 0 0 0 1 0
"210" 0 0 1 0 1 1
"211" 1 0 0 1 1 1
"212" 1 0 0 0 0 0
"213" 0 1 0 0 1 1
"214" 0 0 0 0 0 0
"215" 1 0 1 0 1 1
"216" 1 0 0 0 0 0
"217" 0 0 0 1 0 0
"218" 1 0 0 1 1 1
"219" 1 0 0 0 1 1
"220" 1 0 0 0 1 1
"221" 0 0 0 0 0 0
"222" 0 0 0 1 0 0
"223" 1 0 0 0 0 0
"224" 1 0 0 0 1 1
"225" 0 0 0 1 1 1
"226" 0 0 1 0 1 1
"227" 0 0 0 0 0 0
"228" 0 1 0 0 1 1
"229" 1 1 0 0 0 1
"230" 1 0 0 0 0 0
"231" 0 0 0 0 1 0
"232" 0 1 0 1 0 1
"233" 0 0 0 0 0 0
"234" 0 0 0 0 1 0
"235" 0 0 0 1 1 1
"236" 1 1 0 1 1 1
"237" 0 0 0 1 1 1
"238" 1 1 1 0 1 1
"239" 0 0 0 0 1 0
"240" 1 1 0 0 0 1
"241" 1 0 0 0 1 1
"242" 1 0 1 1 1 1
"243" 1 0 0 1 0 1
"244" 0 1 0 1 1 1
"245" 1 0 0 0 1 1
"246" 1 0 0 0 0 0
"247" 0 1 0 0 1 1
"248" 1 0 0 0 1 1
"249" 0 0 0 1 0 0
"250" 1 0 0 0 1 1
"251" 1 1 0 0 1 1
"252" 0 0 0 0 0 0
"253" 0 0 0 0 0 0
"254" 0 1 0 1 0 1
"255" 1 0 0 1 1 1
"256" 0 1 0 0 0 0
"257" 1 0 0 0 0 0
"258" 0 0 0 0 1 0
"259" 1 0 0 0 0 0
"260" 1 0 1 0 0 1
"261" 1 1 0 1 1 1
"262" 1 0 0 1 1 1
"263" 0 0 0 0 1 0
"264" 1 0 0 1 0 1
"265" 0 0 0 0 0 0
"266" 1 0 0 0 1 1
"267" 1 0 0 0 0 0
"268" 1 0 1 1 1 1
"269" 1 0 0 1 0 1
"270" 1 0 0 1 0 1
"271" 0 1 0 0 1 1
"272" 0 0 0 0 0 0
"273" 0 0 1 0 1 1
"274" 0 0 0 1 1 1
"275" 1 0 0 0 1 1
"276" 0 0 1 0 1 1
"277" 1 0 0 0 1 1
"278" 0 0 1 1 1 1
"279" 0 0 1 0 1 1
"280" 0 1 0 1 1 1
"281" 1 0 0 0 0 0
"282" 1 0 0 0 0 0
"283" 1 1 0 1 0 1
"284" 0 0 0 0 0 0
"285" 0 0 1 0 0 0
"286" 0 0 0 1 0 0
"287" 0 1 0 0 1 1
"288" 1 0 0 0 1 1
"289" 0 0 0 1 0 0
"290" 0 0 0 0 1 0
"291" 1 1 0 0 0 1
"292" 1 0 0 1 1 1
"293" 0 0 0 0 0 0
"294" 0 0 0 0 0 0
"295" 1 0 0 0 0 0
"296" 1 1 0 0 0 1
"297" 1 1 0 1 1 1
"298" 0 1 0 1 1 1
"299" 1 1 0 1 0 1
"300" 0 1 1 0 1 1
"301" 0 0 0 0 0 0
"302" 1 0 1 0 0 1
"303" 1 0 0 0 1 1
"304" 1 0 0 0 1 1
"305" 1 0 0 1 1 1
"306" 0 0 0 0 0 0
"307" 1 0 0 0 0 0
"308" 1 0 0 1 1 1
"309" 0 0 0 0 0 0
"310" 1 0 0 0 1 1
"311" 0 0 0 0 1 0
"312" 0 0 0 0 1 0
"313" 0 1 0 0 0 0
"314" 0 0 0 1 1 1
"315" 1 0 0 0 0 0
"316" 1 0 0 0 1 1
"317" 0 0 0 0 1 0
"318" 1 1 0 0 0 1
"319" 0 0 0 1 0 0
"320" 0 0 0 0 1 0
"321" 0 0 0 0 0 0
"322" 0 0 0 0 0 0
"323" 0 0 0 0 0 0
"324" 0 0 0 0 0 0
"325" 0 0 0 0 0 0
"326" 0 0 0 0 0 0
"327" 0 0 0 1 1 1
"328" 0 0 0 0 0 0
"329" 1 0 0 1 1 1
"330" 1 1 0 0 0 1
"331" 1 0 1 0 1 1
"332" 1 1 0 1 1 1
"333" 1 0 0 0 1 1
"334" 0 0 0 0 0 0
"335" 0 1 0 0 0 0
"336" 0 0 0 0 1 0
"337" 1 0 0 0 0 0
"338" 0 0 0 0 1 0
"339" 1 1 0 1 1 1
"340" 1 0 0 0 1 1
"341" 1 0 0 0 1 1
"342" 1 0 0 0 0 0
"343" 0 0 0 1 0 0
"344" 0 0 0 0 0 0
"345" 0 0 0 0 0 0
"346" 1 1 0 0 0 1
"347" 0 0 0 0 1 0
"348" 1 0 0 0 0 0
"349" 0 0 0 0 0 0
"350" 1 0 0 0 0 0
"351" 0 0 0 0 1 0
"352" 0 0 0 0 1 0
"353" 0 0 0 0 0 0
"354" 1 0 0 1 0 1
"355" 0 0 0 0 0 0
"356" 1 0 0 1 1 1
"357" 1 0 0 0 0 0
"358" 0 0 0 0 1 0
"359" 0 0 0 1 1 1
"360" 0 0 0 0 0 0
"361" 0 0 0 0 1 0
"362" 1 1 0 0 1 1
"363" 1 0 0 0 1 1
"364" 1 0 0 0 0 0
"365" 0 0 0 1 0 0
"366" 0 0 0 0 1 0
"367" 0 1 0 0 0 0
"368" 0 0 0 1 0 0
"369" 0 0 0 0 1 0
"370" 0 0 0 1 0 0
"371" 0 0 0 0 0 0
"372" 0 1 0 0 0 0
"373" 0 0 0 1 1 1
"374" 1 0 0 1 0 1
"375" 0 0 0 0 0 0
"376" 0 0 0 1 1 1
"377" 0 0 0 0 1 0
"378" 0 1 0 0 0 0
"379" 1 0 0 1 0 1
"380" 0 1 0 1 1 1
"381" 0 0 0 1 1 1
"382" 1 0 0 0 0 0
"383" 1 0 0 0 0 0
"384" 1 0 0 1 1 1
"385" 0 0 0 0 0 0
"386" 0 0 0 0 1 0
"387" 1 1 1 0 1 1
"388" 0 0 0 0 1 0
"389" 0 0 1 0 1 1
"390" 1 0 0 0 0 0
"391" 0 0 0 0 0 0
"392" 0 0 0 1 0 0
"393" 1 0 0 0 0 0
"394" 0 1 0 1 0 1
"395" 0 1 0 1 1 1
"396" 0 1 0 1 1 1
"397" 0 0 0 0 0 0
"398" 0 0 1 0 1 1
"399" 1 0 0 0 0 0
"400" 0 1 0 1 0 1
"401" 0 0 0 0 1 0
"402" 1 1 0 0 1 1
"403" 0 0 0 0 0 0
"404" 0 0 0 0 1 0
"405" 1 1 0 0 1 1
"406" 0 0 0 0 1 0
"407" 1 0 0 1 1 1
"408" 0 0 0 0 0 0
"409" 0 0 0 1 0 0
"410" 0 1 0 0 0 0
"411" 0 0 0 0 1 0
"412" 1 0 0 0 0 0
"413" 0 0 0 1 0 0
"414" 1 0 0 0 0 0
"415" 0 1 1 0 1 1
"416" 0 0 0 0 1 0
"417" 1 1 0 1 0 1
"418" 1 1 0 1 1 1
"419" 1 1 0 1 0 1
"420" 0 1 0 1 0 1
"421" 1 1 0 1 0 1
"422" 1 0 1 0 0 1
"423" 0 0 0 0 0 0
"424" 1 0 0 0 1 1
"425" 0 0 0 1 1 1
"426" 0 0 0 0 0 0
"427" 0 0 0 0 0 0
"428" 1 1 0 0 1 1
"429" 0 0 1 0 1 1
"430" 0 1 0 1 1 1
"431" 1 0 0 1 0 1
"432" 1 0 0 0 1 1
"433" 1 0 0 0 1 1
"434" 0 1 0 0 0 0
"435" 1 0 0 1 0 1
"436" 1 0 0 0 0 0
"437" 0 0 0 1 1 1
"438" 1 0 0 0 1 1
"439" 1 0 0 0 0 0
"440" 0 0 0 0 0 0
"441" 0 0 0 0 1 0
"442" 0 0 0 0 1 0
"443" 0 0 0 0 1 0
"444" 0 0 0 0 0 0
"445" 0 0 0 0 1 0
"446" 0 0 1 1 1 1
"447" 1 0 0 0 0 0
"448" 0 0 0 1 1 1
"449" 0 1 1 1 0 1
"450" 1 0 0 1 0 1
"451" 1 1 1 0 0 1
"452" 1 1 0 0 1 1
"453" 0 0 0 0 1 0
"454" 0 0 0 1 0 0
"455" 1 0 0 0 1 1
"456" 0 1 0 1 0 1
"457" 1 1 0 0 0 1
"458" 1 0 0 1 1 1
"459" 0 0 0 1 0 0
"460" 0 0 0 0 1 0
"461" 0 0 0 0 1 0
"462" 0 0 0 0 0 0
"463" 0 0 0 1 0 0
"464" 0 1 0 0 0 0
"465" 0 0 0 0 0 0
"466" 0 0 0 1 1 1
"467" 1 0 0 1 0 1
"468" 1 1 0 0 1 1
"469" 1 1 0 0 0 1
"470" 1 1 0 0 1 1
"471" 0 1 0 1 0 1
"472" 0 0 0 1 1 1
"473" 0 0 0 0 1 0
"474" 1 0 0 0 1 1
"475" 0 0 0 0 1 0
"476" 1 0 0 0 0 0
"477" 0 0 0 0 1 0
"478" 0 0 0 0 1 0
"479" 1 0 0 0 0 0
"480" 0 1 0 0 0 0
"481" 0 0 0 0 0 0
"482" 0 0 0 0 1 0
"483" 0 0 0 0 0 0
"484" 0 0 0 1 1 1
"485" 0 0 0 0 0 0
"486" 0 0 1 0 1 1
"487" 1 0 0 1 1 1
"488" 0 0 0 0 1 0
"489" 1 0 0 0 1 1
"490" 0 0 0 0 0 0
"491" 0 1 0 0 0 0
"492" 1 0 0 0 1 1
"493" 1 0 0 0 0 0
"494" 1 0 0 0 1 1
"495" 1 0 0 0 0 0
"496" 1 0 1 1 0 1
"497" 1 0 0 1 0 1
"498" 0 0 0 0 0 0
"499" 0 0 0 0 0 0
"500" 0 1 0 0 0 0
"501" 0 0 0 0 0 0
"502" 1 1 0 0 0 1
"503" 1 0 0 0 1 1
"504" 1 1 0 0 1 1
"505" 1 0 1 0 0 1
"506" 1 1 1 0 0 1
"507" 0 0 0 1 1 1
"508" 1 0 0 1 1 1
"509" 0 1 0 1 1 1
"510" 1 0 0 1 0 1
"511" 1 1 0 0 1 1
"512" 0 0 0 0 1 0
"513" 0 1 0 0 1 1
"514" 0 0 0 0 1 0
"515" 1 0 1 0 0 1
"516" 0 0 0 0 1 0
"517" 1 0 0 0 0 0
"518" 0 0 0 1 1 1
"519" 0 0 0 0 0 0
"520" 0 0 0 0 1 0
"521" 0 1 0 1 0 1
"522" 1 1 0 0 0 1
"523" 0 0 0 0 1 0
"524" 1 0 0 0 1 1
"525" 1 0 1 0 0 1
"526" 0 0 0 0 1 0
"527" 1 0 0 1 1 1
"528" 1 0 0 1 0 1
"529" 0 0 0 1 1 1
"530" 0 1 0 1 0 1
"531" 0 0 0 0 0 0
"532" 0 0 0 0 1 0
"533" 0 1 0 1 1 1
"534" 1 0 0 0 1 1
"535" 0 0 0 0 1 0
"536" 0 0 0 0 0 0
"537" 0 0 0 0 0 0
"538" 0 0 1 0 0 0
"539" 0 1 0 0 0 0
"540" 0 1 0 0 1 1
"541" 0 0 0 0 0 0
"542" 1 0 0 0 1 1
"543" 0 1 0 0 1 1
"544" 1 0 0 0 1 1
"545" 1 1 0 0 0 1
"546" 1 1 0 1 0 1
"547" 0 0 0 0 0 0
"548" 0 0 0 1 1 1
"549" 0 0 0 0 1 0
"550" 0 0 1 1 1 1
"551" 0 0 0 0 1 0
"552" 1 0 0 0 1 1
"553" 0 0 0 0 0 0
"554" 0 0 0 0 0 0
"555" 0 0 0 0 0 0
"556" 1 1 0 0 0 1
"557" 0 0 0 0 1 0
"558" 0 0 0 1 0 0
"559" 0 0 0 0 0 0
"560" 1 1 0 0 0 1
"561" 1 0 0 0 0 0
"562" 1 1 0 0 0 1
"563" 0 1 0 0 0 0
"564" 0 1 0 0 0 0
"565" 0 1 0 0 1 1
"566" 1 1 0 0 0 1
"567" 1 0 0 0 0 0
"568" 0 0 0 1 0 0
"569" 0 0 0 1 0 0
"570" 1 0 0 1 0 1
"571" 0 0 0 0 1 0
"572" 0 1 0 0 0 0
"573" 0 0 0 0 1 0
"574" 0 0 0 0 1 0
"575" 1 1 0 0 0 1
"576" 0 1 1 1 1 1
"577" 1 1 0 0 1 1
"578" 1 0 0 0 1 1
"579" 0 0 0 0 0 0
"580" 0 0 0 0 0 0
"581" 1 0 0 0 1 1
"582" 0 1 0 0 0 0
"583" 0 0 0 1 0 0
"584" 1 0 0 0 1 1
"585" 0 0 0 0 0 0
"586" 0 0 0 0 1 0
"587" 1 1 1 0 0 1
"588" 0 0 0 0 1 0
"589" 1 0 0 1 0 1
"590" 0 0 0 1 1 1
"591" 1 0 0 1 1 1
"592" 0 1 0 0 0 0
"593" 0 1 0 0 0 0
"594" 0 0 0 1 0 0
"595" 0 0 0 1 0 0
"596" 1 0 0 0 0 0
"597" 0 0 0 0 0 0
"598" 1 0 0 0 1 1
"599" 1 0 0 1 1 1
"600" 1 0 0 0 1 1
"601" 0 0 0 0 1 0
"602" 1 0 1 0 0 1
"603" 0 0 0 1 0 0
"604" 0 0 0 0 0 0
"605" 1 0 0 0 0 0
"606" 0 0 0 1 1 1
"607" 0 0 0 0 0 0
"608" 1 0 1 0 1 1
"609" 0 1 0 0 0 0
"610" 0 0 0 0 0 0
"611" 0 1 0 0 1 1
"612" 1 0 0 1 0 1
"613" 0 0 0 1 0 0
"614" 0 0 0 0 0 0
"615" 0 1 0 1 1 1
"616" 0 0 0 0 0 0
"617" 1 0 0 0 1 1
"618" 0 0 0 0 1 0
"619" 0 0 0 0 1 0
"620" 1 0 0 1 0 1
"621" 1 0 0 0 0 0
"622" 0 0 1 0 1 1
"623" 0 1 0 0 1 1
"624" 1 0 0 1 1 1
"625" 0 0 0 1 1 1
"626" 0 1 0 0 0 0
"627" 0 0 0 0 1 0
"628" 1 0 1 1 1 1
"629" 1 0 0 0 0 0
"630" 1 0 0 0 1 1
"631" 0 0 0 0 1 0
"632" 1 0 0 0 1 1
"633" 0 0 0 1 1 1
"634" 0 0 0 0 0 0
"635" 0 0 0 0 0 0
"636" 1 0 0 0 0 0
"637" 0 0 0 1 1 1
"638" 1 0 0 0 1 1
"639" 0 1 0 0 1 1
"640" 0 0 0 0 0 0
"641" 0 0 0 0 0 0
"642" 0 0 0 0 1 0
"643" 0 0 0 1 0 0
"644" 0 0 0 1 1 1
"645" 0 0 0 0 0 0
"646" 0 1 0 0 0 0
"647" 0 0 0 1 1 1
"648" 0 1 1 0 1 1
"649" 0 0 0 0 0 0
"650" 0 0 1 0 0 0
"651" 0 1 0 0 1 1
"652" 1 1 0 1 0 1
"653" 0 0 0 1 0 0
"654" 0 0 0 1 0 0
"655" 0 0 0 1 1 1
"656" 1 1 0 1 1 1
"657" 0 1 0 1 1 1
"658" 0 0 0 1 0 0
"659" 0 1 0 1 1 1
"660" 1 0 0 0 0 0
"661" 1 0 0 1 0 1
"662" 0 0 0 0 0 0
"663" 0 0 0 0 0 0
"664" 1 0 0 0 0 0
"665" 1 0 0 0 1 1
"666" 0 0 0 1 0 0
"667" 0 1 1 1 1 1
"668" 1 0 0 0 1 1
"669" 0 0 0 0 0 0
"670" 1 1 0 1 1 1
"671" 1 0 0 0 1 1
"672" 1 0 0 0 0 0
"673" 1 0 0 1 1 1
"674" 1 1 0 0 1 1
"675" 0 0 0 0 1 0
"676" 1 0 0 0 0 0
"677" 0 0 0 1 1 1
"678" 1 0 0 0 1 1
"679" 0 0 0 1 0 0
"680" 0 0 0 0 1 0
"681" 1 0 0 0 1 1
"682" 1 0 0 1 0 1
"683" 0 0 0 0 0 0
"684" 1 0 0 0 1 1
"685" 0 0 0 0 1 0
"686" 0 0 0 1 1 1
"687" 0 0 0 0 1 0
"688" 0 0 0 1 1 1
"689" 1 1 0 0 0 1
"690" 0 0 0 1 1 1
"691" 1 0 0 0 0 0
"692" 0 0 0 0 1 0
"693" 0 0 0 0 0 0
"694" 0 0 0 0 1 0
"695" 0 0 0 1 0 0
"696" 0 0 0 0 1 0
"697" 0 0 0 0 0 0
"698" 0 0 0 0 0 0
"699" 0 0 0 1 0 0
"700" 1 0 0 0 0 0
"701" 1 0 0 0 0 0
"702" 0 0 0 0 1 0
"703" 1 0 0 0 0 0
"704" 1 0 0 0 0 0
"705" 0 0 0 0 1 0
"706" 0 0 1 1 1 1
"707" 0 1 0 1 0 1
"708" 1 0 0 0 1 1
"709" 1 1 0 0 0 1
"710" 0 0 0 1 1 1
"711" 1 1 0 1 1 1
"712" 1 0 0 0 1 1
"713" 0 0 1 0 1 1
"714" 1 1 0 0 1 1
"715" 1 0 1 0 0 1
"716" 1 0 0 1 1 1
"717" 1 0 0 0 0 0
"718" 0 1 1 1 1 1
"719" 0 0 0 1 1 1
"720" 0 1 0 1 1 1
"721" 1 0 0 0 1 1
"722" 1 0 0 0 1 1
"723" 1 0 0 0 0 0
"724" 1 0 0 0 0 0
"725" 1 0 1 0 0 1
"726" 0 1 1 0 1 1
"727" 0 0 0 0 0 0
"728" 0 0 0 0 1 0
"729" 1 1 0 0 0 1
"730" 0 0 0 0 0 0
"731" 0 1 0 0 1 1
"732" 1 0 0 1 0 1
"733" 1 0 0 0 0 0
"734" 0 1 1 0 0 1
"735" 1 0 1 1 0 1
"736" 1 0 1 0 1 1
"737" 0 0 1 0 1 1
"738" 0 0 0 0 0 0
"739" 1 0 0 0 1 1
"740" 1 0 0 0 0 0
"741" 1 1 0 1 0 1
"742" 0 0 0 0 1 0
"743" 0 0 0 1 1 1
"744" 1 0 0 1 1 1
"745" 0 0 0 1 0 0
"746" 0 0 0 0 1 0
"747" 1 0 0 1 0 1
"748" 1 0 0 0 0 0
"749" 1 0 0 1 0 1
"750" 1 0 0 0 1 1
"751" 0 0 0 0 1 0
"752" 0 0 0 0 1 0
"753" 0 0 0 1 0 0
"754" 1 1 0 0 0 1
"755" 0 0 0 1 1 1
"756" 1 1 1 0 1 1
"757" 0 0 0 1 0 0
"758" 0 0 0 0 1 0
"759" 0 1 0 1 0 1
"760" 0 0 0 0 1 0
"761" 1 0 0 1 1 1
"762" 1 1 0 0 0 1
"763" 1 0 0 0 0 0
"764" 1 1 0 1 0 1
"765" 1 0 0 0 0 0
"766" 0 1 0 1 0 1
"767" 1 0 0 1 1 1
"768" 0 0 0 1 0 0
"769" 0 0 0 0 1 0
"770" 1 1 0 1 0 1
"771" 1 0 0 0 0 0
"772" 0 1 1 0 1 1
"773" 1 0 0 0 0 0
"774" 0 1 0 1 0 1
"775" 1 0 0 0 1 1
"776" 0 1 0 0 1 1
"777" 0 0 0 0 0 0
"778" 1 0 0 1 0 1
"779" 0 0 0 0 0 0
"780" 1 0 0 0 0 0
"781" 1 0 0 0 0 0
"782" 1 0 0 0 1 1
"783" 0 0 0 0 1 0
"784" 1 0 0 0 1 1
"785" 1 0 0 1 1 1
"786" 0 0 0 0 1 0
"787" 1 0 1 0 0 1
"788" 0 0 0 0 0 0
"789" 1 0 0 0 1 1
"790" 1 1 0 0 0 1
"791" 1 1 0 1 1 1
"792" 1 0 0 0 0 0
"793" 1 0 0 0 0 0
"794" 1 0 0 1 0 1
"795" 0 0 0 0 0 0
"796" 0 0 0 0 0 0
"797" 0 0 0 0 1 0
"798" 1 0 0 0 1 1
"799" 0 1 0 0 0 0
"800" 0 0 0 1 1 1
"801" 0 0 0 0 1 0
"802" 0 1 1 0 0 1
"803" 1 0 0 0 1 1
"804" 0 0 1 1 0 1
"805" 1 0 0 0 1 1
"806" 1 0 0 0 0 0
"807" 0 0 0 0 0 0
"808" 1 0 0 0 1 1
"809" 0 1 0 0 1 1
"810" 0 0 0 0 1 0
"811" 0 0 1 0 1 1
"812" 0 1 0 1 0 1
"813" 1 1 0 0 0 1
"814" 1 0 0 0 0 0
"815" 1 0 0 0 1 1
"816" 0 0 0 0 1 0
"817" 0 0 1 0 0 0
"818" 0 0 0 0 1 0
"819" 1 0 0 0 0 0
"820" 0 0 0 0 1 0
"821" 1 0 0 0 1 1
"822" 0 0 0 1 1 1
"823" 1 0 0 0 0 0
"824" 0 0 0 1 0 0
"825" 1 1 0 0 1 1
"826" 0 0 0 0 1 0
"827" 0 1 0 0 0 0
"828" 1 0 0 0 0 0
"829" 0 0 0 1 0 0
"830" 1 1 1 0 0 1
"831" 0 0 0 1 1 1
"832" 0 0 1 1 1 1
"833" 1 0 0 1 0 1
"834" 1 0 0 1 1 1
"835" 0 0 0 0 1 0
"836" 0 0 0 0 1 0
"837" 1 0 0 0 0 0
"838" 1 1 0 1 1 1
"839" 0 0 0 0 1 0
"840" 0 0 0 1 1 1
"841" 0 0 0 0 0 0
"842" 1 0 1 0 0 1
"843" 1 0 0 0 1 1
"844" 1 1 0 1 1 1
"845" 0 1 0 0 0 0
"846" 0 0 0 1 1 1
"847" 0 0 0 1 1 1
"848" 1 0 0 0 1 1
"849" 0 0 0 1 1 1
"850" 0 0 1 0 0 0
"851" 1 1 0 1 1 1
"852" 0 0 0 0 0 0
"853" 0 0 0 1 1 1
"854" 0 1 0 0 0 0
"855" 0 0 0 0 1 0
"856" 1 0 0 0 0 0
"857" 0 1 0 0 1 1
"858" 0 1 1 0 0 1
"859" 0 0 1 1 0 1
"860" 1 1 0 0 1 1
"861" 0 1 0 0 0 0
"862" 0 0 1 0 1 1
"863" 0 0 0 1 1 1
"864" 0 0 0 0 1 0
"865" 1 0 0 0 0 0
"866" 0 0 0 0 1 0
"867" 0 0 0 1 1 1
"868" 1 0 1 0 1 1
"869" 1 1 1 0 1 1
"870" 0 0 0 0 1 0
"871" 0 0 1 0 1 1
"872" 1 0 0 0 0 0
"873" 0 1 1 0 0 1
"874" 0 0 0 0 0 0
"875" 1 1 0 1 0 1
"876" 0 0 0 0 0 0
"877" 1 0 0 0 1 1
"878" 0 0 0 0 1 0
"879" 0 0 0 0 0 0
"880" 0 0 0 0 1 0
"881" 1 0 1 1 1 1
"882" 1 1 0 0 0 1
"883" 1 0 0 1 1 1
"884" 0 0 0 1 0 0
"885" 1 0 0 1 1 1
"886" 0 0 0 1 0 0
"887" 1 1 0 1 0 1
"888" 0 0 0 0 1 0
"889" 0 1 1 0 1 1
"890" 0 0 0 1 1 1
"891" 1 0 0 0 1 1
"892" 0 0 0 0 0 0
"893" 0 0 1 1 1 1
"894" 1 0 0 1 1 1
"895" 0 1 0 1 0 1
"896" 1 0 0 0 0 0
"897" 0 0 0 0 0 0
"898" 1 0 0 0 1 1
"899" 1 0 0 0 0 0
"900" 0 1 0 1 0 1
"901" 1 0 0 1 0 1
"902" 1 0 0 1 1 1
"903" 1 0 0 1 0 1
"904" 1 0 0 1 1 1
"905" 0 0 0 0 1 0
"906" 0 0 0 0 0 0
"907" 0 1 0 1 0 1
"908" 0 0 0 0 0 0
"909" 0 1 0 0 0 0
"910" 0 0 0 0 1 0
"911" 0 0 0 1 1 1
"912" 1 1 0 1 0 1
"913" 1 1 0 1 1 1
"914" 1 0 0 0 0 0
"915" 1 0 0 0 1 1
"916" 0 0 0 1 0 0
"917" 1 0 0 0 1 1
"918" 1 0 0 1 0 1
"919" 0 0 0 0 1 0
"920" 0 1 0 1 1 1
"921" 1 0 0 0 1 1
"922" 0 0 0 0 1 0
"923" 0 0 0 1 0 0
"924" 0 0 0 0 0 0
"925" 0 0 0 1 1 1
"926" 0 0 0 0 1 0
"927" 0 0 0 0 1 0
"928" 0 0 0 0 0 0
"929" 1 1 0 0 1 1
"930" 0 0 0 0 0 0
"931" 1 0 0 0 0 0
"932" 0 1 0 0 0 0
"933" 0 1 0 0 0 0
"934" 0 0 0 0 1 0
"935" 1 0 0 1 1 1
"936" 0 0 1 0 1 1
"937" 1 0 0 0 0 0
"938" 0 0 0 0 1 0
"939" 0 0 0 0 0 0
"940" 0 0 0 1 0 0
"941" 1 0 1 0 0 1
"942" 0 0 0 0 1 0
"943" 0 0 0 0 1 0
"944" 0 0 0 0 1 0
"945" 0 0 0 0 1 0
"946" 0 0 0 0 1 0
"947" 0 0 0 0 1 0
"948" 0 0 0 0 0 0
"949" 0 1 0 0 0 0
"950" 1 1 0 0 1 1
"951" 0 0 0 1 1 1
"952" 0 0 0 1 1 1
"953" 0 0 1 1 0 1
"954" 0 0 0 0 1 0
"955" 1 0 0 0 0 0
"956" 1 0 0 0 0 0
"957" 0 0 0 0 1 0
"958" 0 0 0 0 0 0
"959" 1 0 0 0 0 0
"960" 0 0 0 0 1 0
"961" 0 1 0 0 1 1
"962" 0 0 0 0 0 0
"963" 0 0 0 0 0 0
"964" 1 0 0 1 0 1
"965" 0 1 0 1 1 1
"966" 1 0 0 0 0 0
"967" 0 0 0 0 0 0
"968" 1 0 0 0 0 0
"969" 0 0 0 1 1 1
"970" 0 1 1 1 0 1
"971" 1 0 0 0 0 0
"972" 0 0 0 0 1 0
"973" 0 0 0 1 0 0
"974" 0 1 0 0 0 0
"975" 0 0 0 1 0 0
"976" 0 0 0 0 1 0
"977" 1 0 0 0 0 0
"978" 0 0 0 0 0 0
"979" 0 0 0 0 1 0
"980" 1 0 0 1 1 1
"981" 0 0 0 1 1 1
"982" 1 0 0 0 1 1
"983" 1 1 0 0 0 1
"984" 0 1 0 0 0 0
"985" 0 0 1 0 0 0
"986" 1 0 0 0 1 1
"987" 0 0 0 0 1 0
"988" 0 0 0 0 1 0
"989" 1 0 0 0 1 1
"990" 0 0 1 0 0 0
"991" 0 1 0 1 1 1
"992" 1 0 0 0 1 1
"993" 0 1 1 1 0 1
"994" 0 0 0 0 1 0
"995" 1 0 0 0 1 1
"996" 1 0 0 0 0 0
"997" 0 0 0 0 1 0
"998" 0 0 0 0 1 0
"999" 0 1 0 0 1 1
"1000" 0 1 0 0 0 0
"1001" 1 0 0 1 1 1
"1002" 0 0 0 0 1 0
"1003" 0 0 1 0 1 1
"1004" 1 1 0 0 0 1
"1005" 1 0 0 0 0 0
"1006" 1 0 0 0 0 0
"1007" 0 0 0 0 0 0
"1008" 0 0 0 1 1 1
"1009" 1 0 1 0 0 1
"1010" 0 1 0 0 0 0
"1011" 0 0 0 0 0 0
"1012" 0 1 0 1 1 1
"1013" 0 0 0 1 0 0
"1014" 1 0 0 0 0 0
"1015" 1 0 0 0 0 0
"1016" 0 0 0 0 0 0
"1017" 0 1 0 0 0 0
"1018" 0 0 0 1 1 1
"1019" 0 0 0 0 0 0
"1020" 0 1 0 0 0 0
"1021" 0 0 0 1 1 1
"1022" 0 0 0 1 1 1
"1023" 0 0 0 1 0 0
"1024" 0 0 0 0 1 0
"1025" 1 1 0 1 0 1
"1026" 0 0 0 1 0 0
"1027" 1 0 0 1 0 1
"1028" 1 0 0 0 0 0
"1029" 0 0 0 0 1 0
"1030" 1 0 0 0 1 1
"1031" 1 0 0 0 0 0
"1032" 0 0 0 0 1 0
"1033" 1 0 0 0 1 1
"1034" 1 0 0 0 1 1
"1035" 0 0 0 0 1 0
"1036" 0 1 1 0 1 1
"1037" 0 1 0 0 1 1
"1038" 1 0 0 1 0 1
"1039" 0 0 0 0 1 0
"1040" 0 0 0 0 1 0
"1041" 0 1 0 1 1 1
"1042" 0 0 0 0 1 0
"1043" 0 1 1 0 1 1
"1044" 1 1 0 0 1 1
"1045" 0 1 0 1 1 1
"1046" 1 0 0 1 1 1
"1047" 1 0 0 0 1 1
"1048" 1 0 0 1 1 1
"1049" 1 0 0 1 1 1
"1050" 1 1 0 0 0 1
"1051" 1 0 0 0 1 1
"1052" 0 0 0 1 0 0
"1053" 1 0 0 0 1 1
"1054" 0 0 1 0 0 0
"1055" 1 0 0 1 0 1
"1056" 0 0 1 1 1 1
"1057" 0 0 0 0 0 0
"1058" 1 0 0 0 1 1
"1059" 1 0 0 1 0 1
"1060" 0 0 0 1 1 1
"1061" 0 0 0 0 0 0
"1062" 1 0 0 1 1 1
"1063" 0 0 0 1 0 0
"1064" 0 0 0 1 0 0
"1065" 1 0 0 0 0 0
"1066" 0 0 0 0 1 0
"1067" 0 0 0 0 1 0
"1068" 0 0 0 0 1 0
"1069" 0 0 0 0 1 0
"1070" 0 1 0 1 0 1
"1071" 0 0 0 1 0 0
"1072" 1 1 0 0 1 1
"1073" 1 0 0 1 1 1
"1074" 1 0 0 0 0 0
"1075" 0 0 0 1 0 0
"1076" 0 1 0 0 0 0
"1077" 0 1 0 0 0 0
"1078" 1 0 0 0 0 0
"1079" 0 0 0 0 0 0
"1080" 1 0 0 0 1 1
"1081" 1 0 0 0 0 0
"1082" 1 0 0 0 1 1
"1083" 0 0 0 0 1 0
"1084" 1 1 0 0 0 1
"1085" 0 0 0 0 0 0
"1086" 0 0 0 0 0 0
"1087" 1 1 0 1 0 1
"1088" 0 0 0 0 0 0
"1089" 0 0 0 0 1 0
"1090" 0 0 0 1 1 1
"1091" 0 1 0 0 1 1
"1092" 1 1 1 0 0 1
"1093" 1 0 1 1 1 1
"1094" 0 0 0 0 1 0
"1095" 0 1 0 0 1 1
"1096" 0 0 0 0 1 0
"1097" 1 0 1 0 0 1
"1098" 1 0 0 0 0 0
"1099" 0 0 0 1 0 0
"1100" 0 0 0 0 1 0
"1101" 0 0 0 1 1 1
"1102" 0 0 0 0 1 0
"1103" 1 0 0 0 0 0
"1104" 0 0 0 0 0 0
"1105" 0 0 0 0 1 0
"1106" 0 0 0 0 0 0
"1107" 0 0 0 1 1 1
"1108" 0 0 0 0 0 0
"1109" 0 0 0 1 1 1
"1110" 0 0 0 0 0 0
"1111" 1 0 0 1 1 1
"1112" 0 0 0 1 1 1
"1113" 0 1 0 1 1 1
"1114" 0 0 0 0 0 0
"1115" 1 0 0 0 0 0
"1116" 0 1 0 1 0 1
"1117" 1 0 0 1 0 1
"1118" 1 0 0 0 0 0
"1119" 0 0 0 0 0 0
"1120" 1 1 0 0 0 1
"1121" 1 0 1 0 0 1
"1122" 1 0 0 1 0 1
"1123" 0 0 0 0 1 0
"1124" 0 0 0 1 1 1
"1125" 1 0 0 0 1 1
"1126" 0 1 0 0 0 0
"1127" 0 0 0 0 1 0
"1128" 0 1 0 1 0 1
"1129" 0 0 0 0 0 0
"1130" 0 0 0 1 1 1
"1131" 0 0 0 0 1 0
"1132" 0 1 0 0 0 0
"1133" 1 0 0 0 1 1
"1134" 0 0 0 0 1 0
"1135" 0 0 0 0 1 0
"1136" 0 1 0 0 1 1
"1137" 0 1 0 0 0 0
"1138" 0 1 0 0 0 0
"1139" 1 1 0 1 0 1
"1140" 1 1 1 1 0 1
"1141" 1 0 0 0 1 1
"1142" 0 0 0 0 1 0
"1143" 0 0 1 0 1 1
"1144" 0 0 0 0 0 0
"1145" 0 1 0 1 0 1
"1146" 0 1 0 1 1 1
"1147" 1 0 0 0 0 0
"1148" 1 0 0 0 1 1
"1149" 1 0 0 0 1 1
"1150" 1 0 0 0 1 1
"1151" 1 0 0 1 0 1
"1152" 1 0 1 1 0 1
"1153" 1 0 0 0 1 1
"1154" 0 0 1 0 1 1
"1155" 0 0 0 0 1 0
"1156" 0 0 0 1 1 1
"1157" 0 0 0 0 0 0
"1158" 1 0 0 0 0 0
"1159" 1 0 0 0 1 1
"1160" 1 0 0 0 0 0
"1161" 0 1 0 1 1 1
"1162" 0 0 0 0 0 0
"1163" 1 0 0 0 1 1
"1164" 0 0 0 0 1 0
"1165" 1 1 0 0 1 1
"1166" 1 0 0 1 1 1
"1167" 1 0 0 1 1 1
"1168" 1 0 0 0 0 0
"1169" 0 0 0 0 1 0
"1170" 0 0 1 0 0 0
"1171" 0 1 0 0 0 0
"1172" 1 0 0 0 0 0
"1173" 1 0 0 1 0 1
"1174" 0 0 0 0 0 0
"1175" 0 0 0 1 0 0
"1176" 1 0 0 0 1 1
"1177" 1 0 0 0 1 1
"1178" 0 0 0 0 0 0
"1179" 1 1 0 0 1 1
"1180" 1 0 0 0 1 1
"1181" 1 0 0 1 0 1
"1182" 1 0 0 0 0 0
"1183" 0 1 0 0 1 1
"1184" 1 0 0 0 1 1
"1185" 0 0 0 0 0 0
"1186" 1 0 0 1 1 1
"1187" 1 0 0 0 0 0
"1188" 1 0 0 0 1 1
"1189" 0 0 0 0 1 0
"1190" 0 0 0 0 0 0
"1191" 1 1 0 0 0 1
"1192" 0 0 0 0 0 0
"1193" 1 0 0 0 1 1
"1194" 0 0 0 0 0 0
"1195" 1 0 0 0 0 0
"1196" 0 1 0 0 1 1
"1197" 1 0 0 0 0 0
"1198" 0 0 0 0 1 0
"1199" 0 1 0 0 0 0
"1200" 0 0 0 0 0 0
"1201" 0 0 0 1 0 0
"1202" 0 0 0 0 1 0
"1203" 1 1 0 0 1 1
"1204" 0 0 1 0 0 0
"1205" 0 1 0 0 0 0
"1206" 0 0 0 1 1 1
"1207" 0 1 0 0 1 1
"1208" 0 0 0 0 0 0
"1209" 1 0 0 1 1 1
"1210" 0 1 0 0 1 1
"1211" 1 0 1 0 1 1
"1212" 1 0 0 0 1 1
"1213" 1 0 0 1 0 1
"1214" 0 1 0 0 1 1
"1215" 1 1 0 0 1 1
"1216" 1 0 0 0 0 0
"1217" 1 0 0 0 0 0
"1218" 1 0 0 0 0 0
"1219" 0 0 0 0 0 0
"1220" 0 0 0 1 1 1
"1221" 0 0 0 0 1 0
"1222" 0 1 0 1 0 1
"1223" 1 0 0 0 0 0
"1224" 1 0 0 0 0 0
"1225" 1 1 0 0 0 1
"1226" 1 0 0 1 1 1
"1227" 0 0 0 0 1 0
"1228" 1 0 0 0 0 0
"1229" 1 0 1 0 1 1
"1230" 1 0 0 0 0 0
"1231" 1 1 0 0 1 1
"1232" 1 0 0 0 1 1
"1233" 1 1 0 0 0 1
"1234" 0 0 0 0 0 0
"1235" 0 1 0 0 0 0
"1236" 0 0 0 0 0 0
"1237" 0 0 0 0 0 0
"1238" 0 1 0 0 0 0
"1239" 1 0 0 0 1 1
"1240" 0 0 0 0 0 0
"1241" 1 0 0 0 1 1
"1242" 1 0 1 1 1 1
"1243" 0 0 0 1 1 1
"1244" 0 1 0 0 1 1
"1245" 0 0 0 0 1 0
"1246" 1 1 0 1 1 1
"1247" 0 0 0 1 1 1
"1248" 0 0 0 0 0 0
"1249" 1 0 0 1 1 1
"1250" 1 0 0 1 0 1
"1251" 1 1 0 1 1 1
"1252" 0 0 0 0 0 0
"1253" 0 0 0 0 1 0
"1254" 0 0 0 0 0 0
"1255" 0 0 0 0 0 0
"1256" 0 1 0 0 1 1
"1257" 0 1 0 0 1 1
"1258" 0 0 0 0 0 0
"1259" 1 1 0 0 1 1
"1260" 1 0 0 0 1 1
"1261" 0 1 0 0 1 1
"1262" 0 0 1 0 1 1
"1263" 0 1 0 0 0 0
"1264" 0 0 0 0 0 0
"1265" 0 0 0 1 1 1
"1266" 0 0 0 1 0 0
"1267" 1 0 0 0 1 1
"1268" 0 0 0 0 1 0
"1269" 1 0 0 1 0 1
"1270" 0 1 1 1 1 1
"1271" 1 0 0 1 1 1
"1272" 0 0 0 1 0 0
"1273" 1 0 0 0 0 0
"1274" 1 1 0 0 0 1
"1275" 0 0 0 0 0 0
"1276" 0 0 0 1 1 1
"1277" 1 0 0 1 0 1
"1278" 0 0 0 1 1 1
"1279" 1 0 0 1 0 1
"1280" 0 0 0 0 0 0
"1281" 0 0 0 0 0 0
"1282" 0 0 0 0 1 0
"1283" 1 0 0 0 1 1
"1284" 0 0 0 1 0 0
"1285" 1 0 0 0 0 0
"1286" 0 0 0 0 0 0
"1287" 0 0 1 1 0 1
"1288" 0 0 0 1 1 1
"1289" 0 1 1 0 0 1
"1290" 0 0 0 0 0 0
"1291" 0 0 0 0 0 0
"1292" 0 0 0 0 0 0
"1293" 1 0 0 0 0 0
"1294" 0 0 0 0 0 0
"1295" 1 0 1 0 0 1
"1296" 0 0 0 1 1 1
"1297" 0 0 1 0 0 0
"1298" 0 0 0 1 1 1
"1299" 0 1 0 0 1 1
"1300" 0 0 1 0 1 1
"1301" 1 0 0 0 1 1
"1302" 1 0 0 0 1 1
"1303" 1 0 0 0 0 0
"1304" 1 0 0 0 1 1
"1305" 1 1 1 0 1 1
"1306" 0 0 0 0 0 0
"1307" 0 0 1 0 0 0
"1308" 0 0 0 0 0 0
"1309" 0 0 0 1 0 0
"1310" 0 0 0 0 0 0
"1311" 1 0 0 0 0 0
"1312" 0 0 0 0 1 0
"1313" 0 0 0 0 1 0
"1314" 1 0 0 0 1 1
"1315" 1 0 0 1 0 1
"1316" 0 1 0 0 0 0
"1317" 0 0 0 1 1 1
"1318" 0 0 0 1 1 1
"1319" 1 1 0 0 0 1
"1320" 0 1 0 0 1 1
"1321" 0 0 0 0 0 0
"1322" 0 0 1 1 0 1
"1323" 1 0 0 0 0 0
"1324" 1 1 0 0 0 1
"1325" 0 0 0 1 0 0
"1326" 1 0 0 0 0 0
"1327" 1 0 0 0 0 0
"1328" 0 1 0 0 1 1
"1329" 1 1 0 1 0 1
"1330" 0 1 0 0 1 1
"1331" 1 0 1 1 0 1
"1332" 0 0 0 0 1 0
"1333" 0 0 0 0 0 0
"1334" 0 0 1 0 0 0
"1335" 1 0 0 0 1 1
"1336" 0 0 1 0 1 1
"1337" 0 0 0 0 1 0
"1338" 0 1 0 0 1 1
"1339" 1 1 0 1 0 1
"1340" 0 0 0 0 0 0
"1341" 1 0 0 0 1 1
"1342" 0 1 0 1 1 1
"1343" 0 1 0 1 1 1
"1344" 0 0 0 0 0 0
"1345" 1 1 0 1 0 1
"1346" 0 0 1 0 1 1
"1347" 0 0 0 0 0 0
"1348" 0 0 0 0 0 0
"1349" 0 1 1 1 1 1
"1350" 1 1 0 0 1 1
"1351" 1 0 0 0 1 1
"1352" 0 1 0 0 1 1
"1353" 1 0 0 1 1 1
"1354" 0 0 0 0 0 0
"1355" 0 0 1 1 1 1
"1356" 0 0 0 1 1 1
"1357" 1 0 0 1 1 1
"1358" 0 0 0 0 1 0
"1359" 1 1 0 0 1 1
"1360" 1 0 0 0 1 1
"1361" 0 0 0 1 1 1
"1362" 0 1 0 1 1 1
"1363" 0 1 0 1 0 1
"1364" 0 0 0 0 1 0
"1365" 0 0 0 0 0 0
"1366" 1 1 0 0 1 1
"1367" 0 1 0 0 1 1
"1368" 1 0 0 1 0 1
"1369" 1 1 0 0 0 1
"1370" 1 0 0 0 1 1
"1371" 1 0 0 0 0 0
"1372" 0 0 0 0 0 0
"1373" 0 0 0 0 0 0
"1374" 0 0 0 0 1 0
"1375" 1 0 0 0 1 1
"1376" 0 0 0 0 0 0
"1377" 1 0 0 0 0 0
"1378" 1 0 0 0 0 0
"1379" 0 0 0 1 0 0
"1380" 0 0 0 0 0 0
"1381" 0 0 0 1 1 1
"1382" 1 1 0 0 0 1
"1383" 1 0 1 0 0 1
"1384" 1 0 0 1 0 1
"1385" 0 1 0 1 0 1
"1386" 0 0 0 1 1 1
"1387" 1 0 0 0 1 1
"1388" 1 0 0 0 1 1
"1389" 0 0 0 0 1 0
"1390" 1 1 0 1 1 1
"1391" 0 0 0 0 0 0
"1392" 1 1 0 0 1 1
"1393" 1 0 0 0 0 0
"1394" 0 1 0 0 0 0
"1395" 1 0 0 0 1 1
"1396" 0 1 0 0 0 0
"1397" 0 0 0 0 1 0
"1398" 0 0 0 0 0 0
"1399" 0 0 0 0 1 0
"1400" 0 1 0 1 1 1
"1401" 0 0 0 0 0 0
"1402" 1 1 0 1 0 1
"1403" 0 0 0 1 0 0
"1404" 1 0 0 0 1 1
"1405" 1 0 0 0 1 1
"1406" 0 0 1 1 0 1
"1407" 1 0 0 0 1 1
"1408" 0 0 1 0 1 1
"1409" 1 0 0 1 1 1
"1410" 0 0 0 0 1 0
"1411" 1 0 0 0 1 1
"1412" 0 0 0 0 1 0
"1413" 1 0 0 1 1 1
"1414" 0 0 0 0 1 0
"1415" 1 1 0 0 1 1
"1416" 0 0 0 1 1 1
"1417" 1 1 0 0 1 1
"1418" 1 1 0 0 0 1
"1419" 0 0 0 0 0 0
"1420" 0 0 0 0 1 0
"1421" 0 0 0 0 1 0
"1422" 1 0 0 0 0 0
"1423" 1 0 0 0 0 0
"1424" 0 0 0 0 0 0
"1425" 0 0 0 1 1 1
"1426" 1 0 0 0 0 0
"1427" 1 0 0 0 0 0
"1428" 0 0 0 1 1 1
"1429" 1 0 0 1 1 1
"1430" 0 0 1 0 0 0
"1431" 0 1 0 0 0 0
"1432" 1 0 0 1 0 1
"1433" 0 0 0 0 0 0
"1434" 0 0 0 0 0 0
"1435" 0 1 0 0 1 1
"1436" 0 1 0 1 0 1
"1437" 0 1 0 0 0 0
"1438" 0 0 0 1 0 0
"1439" 1 1 0 1 0 1
"1440" 0 1 0 1 1 1
"1441" 0 0 0 0 1 0
"1442" 1 1 0 0 0 1
"1443" 1 1 0 1 1 1
"1444" 0 1 0 0 1 1
"1445" 1 1 0 0 0 1
"1446" 1 1 0 1 0 1
"1447" 0 1 1 0 1 1
"1448" 0 1 0 1 1 1
"1449" 0 0 0 0 1 0
"1450" 0 0 0 0 1 0
"1451" 0 0 1 1 1 1
"1452" 0 0 0 0 1 0
"1453" 1 0 0 1 0 1
"1454" 0 0 0 0 0 0
"1455" 1 0 0 0 0 0
"1456" 0 0 0 0 1 0
"1457" 0 0 0 0 0 0
"1458" 0 0 0 0 1 0
"1459" 1 0 0 1 0 1
"1460" 0 0 0 1 0 0
"1461" 0 0 1 0 1 1
"1462" 0 0 0 1 1 1
"1463" 1 0 0 0 1 1
"1464" 0 1 0 0 0 0
"1465" 1 0 0 0 0 0
"1466" 0 0 0 0 0 0
"1467" 0 0 0 1 1 1
"1468" 0 0 1 0 0 0
"1469" 0 0 0 0 0 0
"1470" 0 0 0 1 1 1
"1471" 0 0 0 0 1 0
"1472" 1 0 0 0 0 0
"1473" 0 0 0 1 1 1
"1474" 0 0 0 0 0 0
"1475" 0 0 0 1 0 0
"1476" 1 1 0 1 0 1
"1477" 1 1 0 0 1 1
"1478" 0 0 0 0 1 0
"1479" 0 0 0 0 0 0
"1480" 0 0 0 0 1 0
"1481" 0 0 0 0 1 0
"1482" 0 0 0 0 0 0
"1483" 0 1 0 1 1 1
"1484" 0 0 0 0 0 0
"1485" 0 0 0 1 1 1
"1486" 0 0 0 1 0 0
"1487" 0 0 0 0 1 0
"1488" 0 1 0 0 1 1
"1489" 0 0 0 1 1 1
"1490" 1 1 0 0 0 1
"1491" 1 1 0 1 0 1
"1492" 0 0 0 0 0 0
"1493" 0 0 0 0 0 0
"1494" 1 0 0 1 0 1
"1495" 1 0 0 0 1 1
"1496" 0 0 0 0 0 0
"1497" 1 0 0 1 0 1
"1498" 0 0 0 0 0 0
"1499" 0 1 0 1 0 1
"1500" 1 0 0 0 0 0
"1501" 1 1 0 0 1 1
"1502" 0 0 0 0 1 0
"1503" 1 1 0 0 0 1
"1504" 0 0 0 0 1 0
"1505" 1 1 0 0 0 1
"1506" 0 0 0 1 1 1
"1507" 1 0 0 0 0 0
"1508" 0 0 0 0 0 0
"1509" 1 0 0 0 0 0
"1510" 0 0 0 0 1 0
"1511" 0 1 0 0 0 0
"1512" 0 1 0 0 1 1
"1513" 0 0 1 0 0 0
"1514" 0 0 0 1 0 0
"1515" 1 0 0 0 0 0
"1516" 1 1 0 0 1 1
"1517" 0 0 0 1 1 1
"1518" 0 0 0 0 1 0
"1519" 1 1 0 0 1 1
"1520" 1 0 0 0 0 0
"1521" 0 0 0 0 0 0
"1522" 0 0 0 1 0 0
"1523" 0 0 0 1 0 0
"1524" 1 1 0 0 1 1
"1525" 1 0 1 1 1 1
"1526" 0 0 0 1 0 0
"1527" 1 0 0 1 0 1
"1528" 1 0 0 1 0 1
"1529" 0 0 0 0 1 0
"1530" 0 0 0 1 1 1
"1531" 1 0 0 0 1 1
"1532" 1 0 0 1 1 1
"1533" 0 1 0 0 1 1
"1534" 0 0 0 0 1 0
"1535" 0 1 0 0 1 1
"1536" 0 0 0 0 0 0
"1537" 0 1 0 0 0 0
"1538" 0 0 1 1 0 1
"1539" 0 1 0 1 1 1
"1540" 0 0 1 1 0 1
"1541" 0 1 0 0 1 1
"1542" 1 0 0 0 1 1
"1543" 0 0 0 1 0 0
"1544" 1 1 0 1 1 1
"1545" 0 1 0 1 1 1
"1546" 0 1 0 0 0 0
"1547" 0 0 0 0 1 0
"1548" 1 0 0 0 1 1
"1549" 0 0 0 0 0 0
"1550" 1 0 0 0 0 0
"1551" 0 0 0 1 1 1
"1552" 1 0 0 0 0 0
"1553" 0 0 0 0 0 0
"1554" 0 0 1 0 1 1
"1555" 0 1 0 1 0 1
"1556" 1 0 0 1 1 1
"1557" 0 1 0 1 0 1
"1558" 1 0 0 1 1 1
"1559" 1 0 0 1 1 1
"1560" 1 0 0 0 1 1
"1561" 0 0 0 0 0 0
"1562" 0 0 0 0 0 0
"1563" 1 0 0 0 1 1
"1564" 1 0 0 1 1 1
"1565" 1 0 0 0 1 1
"1566" 0 0 0 1 1 1
"1567" 1 1 0 0 0 1
"1568" 0 0 0 1 1 1
"1569" 1 0 0 0 0 0
"1570" 0 0 0 0 0 0
"1571" 1 0 0 1 1 1
"1572" 1 1 0 1 1 1
"1573" 0 0 1 1 1 1
"1574" 1 0 0 0 0 0
"1575" 1 0 0 0 1 1
"1576" 0 0 0 0 1 0
"1577" 1 0 0 1 0 1
"1578" 1 0 0 0 0 0
"1579" 0 0 0 1 1 1
"1580" 1 0 0 1 1 1
"1581" 0 0 0 1 1 1
"1582" 0 0 0 0 0 0
"1583" 0 0 0 0 1 0
"1584" 1 0 0 0 0 0
"1585" 1 0 0 1 0 1
"1586" 1 0 0 0 1 1
"1587" 0 0 0 1 0 0
"1588" 1 0 0 1 1 1
"1589" 0 0 0 0 0 0
"1590" 1 0 0 0 0 0
"1591" 0 0 0 0 1 0
"1592" 0 0 1 0 1 1
"1593" 0 0 0 0 1 0
"1594" 0 0 0 0 1 0
"1595" 0 1 0 0 1 1
"1596" 0 0 0 0 1 0
"1597" 0 1 0 1 1 1
"1598" 1 0 0 0 1 1
"1599" 0 0 0 0 1 0
"1600" 0 0 0 0 1 0
"1601" 0 0 0 0 0 0
"1602" 1 0 1 0 0 1
"1603" 0 0 0 1 0 0
"1604" 0 0 0 0 0 0
"1605" 1 1 0 0 0 1
"1606" 0 0 0 1 1 1
"1607" 1 1 0 0 1 1
"1608" 1 0 0 1 0 1
"1609" 0 0 0 0 0 0
"1610" 0 0 0 0 0 0
"1611" 0 1 0 0 0 0
"1612" 1 0 0 0 0 0
"1613" 0 0 0 1 1 1
"1614" 0 0 0 1 1 1
"1615" 1 0 1 1 1 1
"1616" 1 1 0 1 0 1
"1617" 0 0 0 0 1 0
"1618" 0 0 0 0 0 0
"1619" 1 1 1 1 1 1
"1620" 1 0 0 0 0 0
"1621" 1 0 0 0 1 1
"1622" 0 0 0 0 1 0
"1623" 0 1 0 0 1 1
"1624" 0 0 0 1 0 0
"1625" 0 1 0 1 0 1
"1626" 0 1 0 0 0 0
"1627" 1 0 0 0 1 1
"1628" 1 1 0 0 0 1
"1629" 1 0 1 0 1 1
"1630" 0 0 0 0 1 0
"1631" 0 0 0 0 1 0
"1632" 1 0 0 0 1 1
"1633" 0 0 0 0 1 0
"1634" 1 0 0 0 1 1
"1635" 1 1 0 1 1 1
"1636" 0 0 0 0 0 0
"1637" 0 0 0 1 1 1
"1638" 0 0 0 0 1 0
"1639" 0 0 0 0 1 0
"1640" 0 0 1 1 1 1
"1641" 1 0 0 0 0 0
"1642" 1 0 0 0 1 1
"1643" 1 0 1 0 1 1
"1644" 0 0 0 0 1 0
"1645" 0 0 0 0 1 0
"1646" 0 0 0 0 1 0
"1647" 1 1 0 0 1 1
"1648" 0 0 0 0 1 0
"1649" 0 0 0 0 1 0
"1650" 0 0 0 0 0 0
"1651" 1 0 0 0 1 1
"1652" 0 0 0 0 1 0
"1653" 0 0 0 0 1 0
"1654" 0 0 0 1 0 0
"1655" 0 1 0 0 0 0
"1656" 0 0 0 0 0 0
"1657" 0 0 0 0 0 0
"1658" 1 0 0 0 1 1
"1659" 1 0 1 1 1 1
"1660" 1 0 0 1 1 1
"1661" 1 1 0 0 0 1
"1662" 1 1 0 0 0 1
"1663" 1 1 0 0 0 1
"1664" 1 1 0 1 0 1
"1665" 0 0 0 0 0 0
"1666" 0 1 0 1 0 1
"1667" 0 0 0 1 0 0
"1668" 1 0 0 0 0 0
"1669" 1 0 0 1 0 1
"1670" 1 0 1 0 1 1
"1671" 0 0 0 0 1 0
"1672" 0 0 0 0 0 0
"1673" 0 1 0 0 0 0
"1674" 1 1 0 1 0 1
"1675" 0 0 1 1 1 1
"1676" 0 0 0 1 0 0
"1677" 1 0 0 0 0 0
"1678" 1 0 0 0 1 1
"1679" 0 1 0 0 1 1
"1680" 1 0 0 0 1 1
"1681" 0 0 0 0 1 0
"1682" 1 0 0 1 1 1
"1683" 1 0 0 0 0 0
"1684" 1 0 0 0 0 0
"1685" 1 0 0 1 1 1
"1686" 0 0 0 0 1 0
"1687" 1 0 0 0 1 1
"1688" 0 0 0 0 0 0
"1689" 0 0 0 1 1 1
"1690" 0 0 0 1 1 1
"1691" 0 0 0 0 0 0
"1692" 1 0 1 0 0 1
"1693" 1 0 0 1 0 1
"1694" 0 0 0 1 1 1
"1695" 1 0 0 0 1 1
"1696" 0 0 0 0 0 0
"1697" 1 1 0 0 1 1
"1698" 0 0 0 1 1 1
"1699" 0 1 0 0 0 0
"1700" 0 0 1 1 0 1
"1701" 0 0 0 1 0 0
"1702" 1 0 1 0 0 1
"1703" 0 0 0 1 1 1
"1704" 0 0 0 1 1 1
"1705" 0 0 0 0 1 0
"1706" 1 0 0 1 0 1
"1707" 1 0 0 0 1 1
"1708" 1 0 0 1 1 1
"1709" 1 1 0 1 1 1
"1710" 1 0 0 0 0 0
"1711" 0 0 0 0 0 0
"1712" 0 0 0 1 0 0
"1713" 1 1 0 0 1 1
"1714" 0 0 0 0 1 0
"1715" 0 0 0 0 1 0
"1716" 0 0 0 1 0 0
"1717" 1 0 0 0 1 1
"1718" 1 1 0 1 0 1
"1719" 0 1 0 0 0 0
"1720" 0 1 0 1 0 1
"1721" 0 0 0 0 0 0
"1722" 0 1 0 0 0 0
"1723" 0 0 0 1 0 0
"1724" 0 0 0 0 0 0
"1725" 0 0 0 1 0 0
"1726" 1 1 0 0 0 1
"1727" 0 0 0 1 1 1
"1728" 1 0 0 0 1 1
"1729" 1 0 0 1 1 1
"1730" 1 0 0 0 1 1
"1731" 0 1 0 0 1 1
"1732" 0 1 0 1 0 1
"1733" 1 0 0 0 1 1
"1734" 1 0 0 0 1 1
"1735" 0 0 0 0 1 0
"1736" 0 0 0 0 1 0
"1737" 0 1 0 0 1 1
"1738" 0 0 0 1 1 1
"1739" 0 0 1 0 0 0
"1740" 1 0 0 1 1 1
"1741" 0 0 0 0 1 0
"1742" 0 1 0 0 0 0
"1743" 1 0 0 0 0 0
"1744" 1 0 0 0 0 0
"1745" 0 0 0 0 1 0
"1746" 0 0 0 0 0 0
"1747" 0 0 0 0 1 0
"1748" 0 1 0 0 1 1
"1749" 0 0 0 1 1 1
"1750" 0 0 0 0 1 0
"1751" 1 1 0 0 0 1
"1752" 0 0 0 1 1 1
"1753" 1 0 0 0 1 1
"1754" 1 0 0 0 1 1
"1755" 0 1 0 1 1 1
"1756" 1 1 0 0 1 1
"1757" 0 0 0 1 1 1
"1758" 0 0 0 0 0 0
"1759" 0 0 0 0 1 0
"1760" 0 1 1 0 0 1
"1761" 0 1 0 0 1 1
"1762" 1 1 0 1 0 1
"1763" 0 0 0 0 0 0
"1764" 0 1 0 0 0 0
"1765" 1 0 0 1 1 1
"1766" 1 0 0 0 0 0
"1767" 0 0 0 0 0 0
"1768" 0 0 0 1 1 1
"1769" 1 0 0 0 1 1
"1770" 0 0 0 0 0 0
"1771" 0 0 0 0 0 0
"1772" 1 0 0 1 1 1
"1773" 0 0 0 1 1 1
"1774" 1 0 0 0 0 0
"1775" 0 0 0 1 1 1
"1776" 0 0 0 0 1 0
"1777" 0 0 0 0 0 0
"1778" 0 0 0 0 0 0
"1779" 0 1 0 0 0 0
"1780" 1 0 0 1 0 1
"1781" 0 1 0 1 1 1
"1782" 0 0 0 0 0 0
"1783" 0 0 0 0 1 0
"1784" 1 0 0 0 1 1
"1785" 1 1 0 0 0 1
"1786" 0 0 0 0 1 0
"1787" 0 1 0 0 1 1
"1788" 0 0 0 1 1 1
"1789" 1 1 0 0 0 1
"1790" 0 1 0 0 0 0
"1791" 0 0 0 0 1 0
"1792" 1 1 0 0 1 1
"1793" 0 0 0 1 1 1
"1794" 1 0 0 0 1 1
"1795" 0 0 1 0 1 1
"1796" 0 0 1 0 0 0
"1797" 1 0 0 1 1 1
"1798" 0 0 0 0 0 0
"1799" 0 1 0 0 1 1
"1800" 0 1 0 1 0 1
"1801" 1 1 0 0 1 1
"1802" 0 0 1 0 1 1
"1803" 1 0 1 0 0 1
"1804" 1 1 0 1 1 1
"1805" 0 0 0 0 1 0
"1806" 0 0 0 0 0 0
"1807" 0 1 0 0 0 0
"1808" 0 1 0 0 0 0
"1809" 0 0 0 0 0 0
"1810" 1 0 0 0 0 0
"1811" 1 0 0 0 0 0
"1812" 0 0 0 0 0 0
"1813" 0 0 0 0 1 0
"1814" 1 1 1 0 0 1
"1815" 1 0 0 0 1 1
"1816" 0 1 0 0 1 1
"1817" 0 0 0 0 1 0
"1818" 1 1 0 1 1 1
"1819" 0 0 0 0 1 0
"1820" 1 0 0 1 0 1
"1821" 0 0 0 1 1 1
"1822" 0 0 0 1 0 0
"1823" 0 1 0 1 0 1
"1824" 0 0 0 1 0 0
"1825" 0 0 0 0 1 0
"1826" 0 1 0 1 0 1
"1827" 1 0 0 1 0 1
"1828" 0 0 1 0 1 1
"1829" 0 0 0 0 0 0
"1830" 1 0 0 1 0 1
"1831" 0 0 0 0 0 0
"1832" 0 0 0 0 0 0
"1833" 1 0 0 1 1 1
"1834" 0 0 0 0 1 0
"1835" 0 0 0 1 0 0
"1836" 1 0 0 1 1 1
"1837" 0 0 0 1 0 0
"1838" 0 0 1 0 1 1
"1839" 0 0 0 1 0 0
"1840" 0 0 0 0 0 0
"1841" 0 0 0 1 0 0
"1842" 0 0 1 1 1 1
"1843" 0 0 0 0 0 0
"1844" 1 0 0 1 0 1
"1845" 0 0 0 0 0 0
"1846" 1 0 0 0 1 1
"1847" 0 0 0 0 0 0
"1848" 1 0 0 0 0 0
"1849" 0 0 0 0 1 0
"1850" 1 0 0 0 1 1
"1851" 1 0 1 0 0 1
"1852" 0 0 0 0 0 0
"1853" 1 0 0 0 0 0
"1854" 0 0 0 1 0 0
"1855" 0 0 0 1 1 1
"1856" 0 0 0 0 1 0
"1857" 0 0 1 0 0 0
"1858" 1 1 0 0 0 1
"1859" 1 0 1 0 0 1
"1860" 1 0 0 0 1 1
"1861" 1 0 0 0 0 0
"1862" 0 1 1 0 1 1
"1863" 0 0 0 0 1 0
"1864" 1 1 0 0 0 1
"1865" 0 0 0 1 1 1
"1866" 0 1 0 1 1 1
"1867" 1 1 0 0 1 1
"1868" 1 1 0 1 1 1
"1869" 1 1 0 1 0 1
"1870" 0 0 0 1 0 0
"1871" 0 1 0 0 1 1
"1872" 1 1 0 1 1 1
"1873" 0 0 0 0 0 0
"1874" 1 0 1 1 1 1
"1875" 0 0 0 0 1 0
"1876" 0 0 0 0 0 0
"1877" 0 1 0 0 0 0
"1878" 1 0 0 0 1 1
"1879" 0 0 1 0 0 0
"1880" 0 0 0 0 0 0
"1881" 1 0 0 0 0 0
"1882" 1 0 1 0 1 1
"1883" 0 1 0 0 1 1
"1884" 0 1 0 1 0 1
"1885" 1 0 0 0 0 0
"1886" 1 0 0 0 1 1
"1887" 1 0 0 0 1 1
"1888" 0 0 0 1 1 1
"1889" 1 1 0 0 1 1
"1890" 1 0 0 0 1 1
"1891" 0 1 0 0 0 0
"1892" 0 1 0 0 0 0
"1893" 1 0 0 0 0 0
"1894" 1 1 0 1 1 1
"1895" 0 0 0 0 1 0
"1896" 1 1 0 1 0 1
"1897" 0 0 0 0 0 0
"1898" 0 0 0 1 1 1
"1899" 0 1 0 0 1 1
"1900" 0 0 0 0 1 0
"1901" 0 0 0 1 1 1
"1902" 0 1 0 0 0 0
"1903" 1 0 0 0 1 1
"1904" 0 0 0 0 1 0
"1905" 0 0 0 0 1 0
"1906" 0 0 0 0 0 0
"1907" 1 0 0 1 1 1
"1908" 0 1 0 0 0 0
"1909" 0 0 0 0 0 0
"1910" 1 0 1 1 0 1
"1911" 1 1 0 1 0 1
"1912" 0 1 0 1 0 1
"1913" 0 0 0 1 0 0
"1914" 0 0 0 0 1 0
"1915" 1 0 1 0 0 1
"1916" 0 0 0 0 0 0
"1917" 1 0 0 0 1 1
"1918" 0 0 0 0 1 0
"1919" 0 0 0 0 0 0
"1920" 1 0 0 0 0 0
"1921" 1 0 0 0 0 0
"1922" 0 0 1 0 0 0
"1923" 0 0 0 0 0 0
"1924" 1 0 1 1 1 1
"1925" 0 1 0 0 0 0
"1926" 0 1 0 1 0 1
"1927" 1 0 0 1 0 1
"1928" 0 0 0 0 1 0
"1929" 1 1 0 0 0 1
"1930" 1 0 0 0 0 0
"1931" 1 0 0 1 0 1
"1932" 0 0 0 1 0 0
"1933" 0 1 0 1 0 1
"1934" 1 0 0 0 0 0
"1935" 1 0 0 0 1 1
"1936" 1 0 0 1 1 1
"1937" 1 1 0 0 0 1
"1938" 1 0 0 1 0 1
"1939" 0 0 0 1 1 1
"1940" 0 1 0 1 0 1
"1941" 0 0 0 0 0 0
"1942" 0 0 0 1 0 0
"1943" 0 0 0 0 0 0
"1944" 0 1 0 1 1 1
"1945" 1 0 0 0 1 1
"1946" 1 0 0 0 1 1
"1947" 0 1 0 1 1 1
"1948" 0 0 0 0 0 0
"1949" 0 0 0 0 0 0
"1950" 0 1 0 1 1 1
"1951" 1 1 0 0 1 1
"1952" 0 0 0 0 0 0
"1953" 0 0 0 0 1 0
"1954" 0 0 0 0 0 0
"1955" 1 0 0 0 0 0
"1956" 1 1 0 1 1 1
"1957" 0 0 1 0 1 1
"1958" 1 0 0 1 0 1
"1959" 0 0 0 1 0 0
"1960" 0 0 0 0 0 0
"1961" 0 0 0 0 0 0
"1962" 0 1 1 0 0 1
"1963" 0 1 0 0 0 0
"1964" 1 0 0 0 0 0
"1965" 0 0 0 0 0 0
"1966" 0 0 0 1 0 0
"1967" 1 1 0 1 1 1
"1968" 1 0 0 0 0 0
"1969" 1 0 0 0 0 0
"1970" 0 0 0 0 1 0
"1971" 1 0 0 0 0 0
"1972" 0 0 1 0 1 1
"1973" 1 0 0 0 0 0
"1974" 0 1 0 0 0 0
"1975" 0 0 0 0 0 0
"1976" 1 0 0 0 1 1
"1977" 1 0 0 1 1 1
"1978" 0 0 0 0 0 0
"1979" 1 1 0 0 0 1
"1980" 0 0 0 0 1 0
"1981" 0 0 1 0 1 1
"1982" 1 0 0 1 0 1
"1983" 0 0 0 0 1 0
"1984" 1 0 0 0 0 0
"1985" 1 0 0 0 0 0
"1986" 1 0 0 0 0 0
"1987" 0 1 0 1 0 1
"1988" 0 0 0 0 1 0
"1989" 1 0 0 1 0 1
"1990" 0 0 0 0 0 0
"1991" 0 0 0 1 0 0
"1992" 1 1 1 1 1 1
"1993" 0 1 0 0 1 1
"1994" 1 0 0 0 0 0
"1995" 0 0 0 0 1 0
"1996" 1 0 1 0 1 1
"1997" 1 0 0 0 0 0
"1998" 1 0 0 0 0 0
"1999" 1 1 0 0 1 1
"2000" 1 0 1 1 0 1
"2001" 0 0 0 0 1 0
"2002" 0 0 0 0 1 0
"2003" 0 0 0 0 1 0
"2004" 1 0 0 1 1 1
"2005" 0 0 0 1 0 0
"2006" 1 0 0 0 0 0
"2007" 1 0 0 0 0 0
"2008" 0 0 0 0 1 0
"2009" 0 0 0 0 1 0
"2010" 1 1 0 0 1 1
"2011" 1 1 0 0 1 1
"2012" 0 0 0 1 1 1
"2013" 0 0 0 1 1 1
"2014" 0 0 0 0 0 0
"2015" 1 0 0 1 1 1
"2016" 1 0 1 1 0 1
"2017" 0 0 0 0 0 0
"2018" 1 0 0 0 1 1
"2019" 1 0 0 0 0 0
"2020" 0 0 0 1 1 1
"2021" 0 0 0 1 1 1
"2022" 0 1 0 0 0 0
"2023" 0 1 0 0 0 0
"2024" 0 0 0 1 1 1
"2025" 0 1 0 0 0 0
"2026" 1 0 0 1 1 1
"2027" 0 0 0 0 0 0
"2028" 0 0 0 0 0 0
"2029" 1 0 0 0 0 0
"2030" 1 0 0 0 1 1
"2031" 0 0 0 0 1 0
"2032" 0 0 0 1 0 0
"2033" 0 1 0 1 1 1
"2034" 1 1 0 0 1 1
"2035" 1 1 0 1 0 1
"2036" 0 1 0 0 1 1
"2037" 0 0 1 0 0 0
"2038" 0 1 0 0 1 1
"2039" 1 1 0 1 1 1
"2040" 1 1 0 1 1 1
"2041" 1 1 0 0 0 1
"2042" 0 0 1 0 0 0
"2043" 0 0 0 0 1 0
"2044" 1 0 0 1 1 1
"2045" 1 0 0 1 1 1
"2046" 1 1 0 0 1 1
"2047" 1 0 0 0 0 0
"2048" 1 0 0 1 0 1
"2049" 0 0 1 1 1 1
"2050" 0 0 0 0 1 0
"2051" 0 0 0 1 1 1
"2052" 0 0 0 0 1 0
"2053" 1 0 0 0 0 0
"2054" 0 1 0 0 0 0
"2055" 1 0 0 0 0 0
"2056" 0 0 0 0 1 0
"2057" 0 1 0 1 0 1
"2058" 1 0 0 0 1 1
"2059" 1 1 0 1 1 1
"2060" 0 0 0 0 0 0
"2061" 1 0 0 0 1 1
"2062" 0 0 0 0 1 0
"2063" 0 0 0 0 0 0
"2064" 1 1 0 0 0 1
"2065" 0 0 0 0 1 0
"2066" 1 0 0 0 0 0
"2067" 1 0 0 0 1 1
"2068" 0 0 0 1 1 1
"2069" 1 0 0 0 0 0
"2070" 0 0 0 1 0 0
"2071" 0 0 0 1 0 0
"2072" 1 0 1 0 0 1
"2073" 1 0 0 0 1 1
"2074" 1 0 1 1 0 1
"2075" 0 0 0 0 1 0
"2076" 0 0 0 0 1 0
"2077" 0 0 0 0 1 0
"2078" 0 0 0 0 0 0
"2079" 0 0 0 0 1 0
"2080" 0 0 0 0 1 0
"2081" 0 0 0 0 0 0
"2082" 1 0 0 0 1 1
"2083" 1 0 0 1 1 1
"2084" 1 1 0 0 0 1
"2085" 1 0 0 0 0 0
"2086" 0 0 1 0 1 1
"2087" 1 0 0 0 0 0
"2088" 0 0 0 1 0 0
"2089" 0 0 0 0 1 0
"2090" 0 0 0 1 1 1
"2091" 0 0 0 0 0 0
"2092" 0 0 0 0 1 0
"2093" 0 0 0 1 1 1
"2094" 0 0 0 0 1 0
"2095" 0 1 0 0 1 1
"2096" 0 0 0 1 0 0
"2097" 0 0 0 1 0 0
"2098" 0 0 0 1 1 1
"2099" 1 0 0 1 1 1
"2100" 0 0 0 0 1 0
"2101" 0 0 0 1 0 0
"2102" 1 1 0 0 1 1
"2103" 0 0 0 0 1 0
"2104" 1 0 0 0 0 0
"2105" 1 0 0 1 0 1
"2106" 1 0 0 0 0 0
"2107" 1 1 0 0 1 1
"2108" 0 0 0 0 1 0
"2109" 0 0 0 0 1 0
"2110" 0 0 0 1 1 1
"2111" 0 0 0 0 1 0
"2112" 0 1 0 0 1 1
"2113" 0 1 0 1 0 1
"2114" 1 0 0 0 0 0
"2115" 1 0 0 0 1 1
"2116" 1 1 0 0 0 1
"2117" 0 1 0 0 1 1
"2118" 1 0 0 1 1 1
"2119" 0 0 0 0 1 0
"2120" 0 1 0 1 0 1
"2121" 0 0 0 0 1 0
"2122" 1 1 0 1 1 1
"2123" 0 0 0 0 0 0
"2124" 1 0 0 0 1 1
"2125" 1 1 0 0 0 1
"2126" 1 0 0 1 1 1
"2127" 1 1 0 0 1 1
"2128" 1 0 0 0 1 1
"2129" 1 1 0 0 1 1
"2130" 0 1 0 0 0 0
"2131" 0 0 0 1 1 1
"2132" 1 1 1 0 1 1
"2133" 0 0 0 1 1 1
"2134" 1 0 0 1 1 1
"2135" 1 0 0 0 0 0
"2136" 0 0 0 0 1 0
"2137" 1 0 0 0 0 0
"2138" 1 0 0 0 1 1
"2139" 1 0 0 1 0 1
"2140" 0 0 0 1 0 0
"2141" 0 0 0 1 1 1
"2142" 0 0 0 0 1 0
"2143" 1 1 1 0 1 1
"2144" 1 0 0 0 1 1
"2145" 1 0 0 1 1 1
"2146" 0 0 0 0 1 0
"2147" 0 0 0 0 0 0
"2148" 1 1 0 1 0 1
"2149" 0 0 0 1 1 1
"2150" 1 0 0 1 0 1
"2151" 0 0 0 1 0 0
"2152" 1 1 1 0 0 1
"2153" 0 0 0 0 0 0
"2154" 1 1 0 0 1 1
"2155" 1 0 0 0 0 0
"2156" 1 1 0 0 0 1
"2157" 0 0 0 0 0 0
"2158" 0 0 0 0 0 0
"2159" 0 1 0 0 0 0
"2160" 0 1 0 0 1 1
"2161" 0 0 0 0 0 0
"2162" 0 1 0 0 1 1
"2163" 1 0 0 0 0 0
"2164" 1 1 0 0 1 1
"2165" 1 0 0 1 0 1
"2166" 1 0 0 1 0 1
"2167" 0 0 0 1 1 1
"2168" 0 0 0 0 1 0
"2169" 1 0 0 0 0 0
"2170" 1 1 0 0 1 1
"2171" 1 0 0 0 0 0
"2172" 0 0 0 0 1 0
"2173" 0 0 0 0 1 0
"2174" 0 0 0 0 1 0
"2175" 0 0 0 0 1 0
"2176" 1 1 1 1 0 1
"2177" 1 0 0 0 0 0
"2178" 0 0 0 0 0 0
"2179" 1 0 0 0 0 0
"2180" 0 0 0 0 1 0
"2181" 0 0 0 0 1 0
"2182" 0 0 0 0 1 0
"2183" 0 1 0 0 1 1
"2184" 1 0 0 0 1 1
"2185" 0 0 0 0 0 0
"2186" 0 1 0 0 0 0
"2187" 0 0 0 0 0 0
"2188" 0 1 0 0 0 0
"2189" 0 1 0 0 0 0
"2190" 1 0 0 0 1 1
"2191" 1 0 1 0 1 1
"2192" 1 0 0 0 1 1
"2193" 0 0 0 0 0 0
"2194" 0 0 0 1 1 1
"2195" 0 0 0 1 0 0
"2196" 1 1 0 0 1 1
"2197" 0 0 0 0 0 0
"2198" 0 0 0 0 1 0
"2199" 1 0 0 0 0 0
"2200" 0 0 0 0 1 0
"2201" 0 0 0 0 0 0
"2202" 1 1 0 0 0 1
"2203" 0 0 0 0 0 0
"2204" 0 0 0 0 1 0
"2205" 0 0 0 0 0 0
"2206" 1 1 0 1 1 1
"2207" 0 0 0 0 0 0
"2208" 1 0 0 1 1 1
"2209" 1 1 0 0 1 1
"2210" 1 1 0 0 0 1
"2211" 0 0 0 0 0 0
"2212" 0 0 0 0 0 0
"2213" 0 0 0 0 1 0
"2214" 1 0 0 0 0 0
"2215" 1 0 0 0 0 0
"2216" 0 0 0 0 0 0
"2217" 1 0 0 0 0 0
"2218" 0 0 0 0 1 0
"2219" 1 1 0 0 0 1
"2220" 1 0 0 0 0 0
"2221" 0 0 0 1 0 0
"2222" 0 0 0 1 1 1
"2223" 0 1 0 1 1 1
"2224" 0 0 0 0 0 0
"2225" 0 0 0 0 0 0
"2226" 0 0 0 0 0 0
"2227" 1 1 0 0 1 1
"2228" 0 0 0 0 1 0
"2229" 0 0 1 0 0 0
"2230" 0 0 0 0 0 0
"2231" 1 1 0 1 1 1
"2232" 0 0 1 0 1 1
"2233" 0 0 0 0 0 0
"2234" 0 0 0 1 0 0
"2235" 0 0 1 0 1 1
"2236" 1 0 0 0 1 1
"2237" 0 0 0 1 0 0
"2238" 0 0 0 0 1 0
"2239" 0 0 0 0 0 0
"2240" 1 1 0 0 1 1
"2241" 1 0 0 0 1 1
"2242" 1 0 0 0 1 1
"2243" 1 1 0 0 1 1
"2244" 1 0 0 0 0 0
"2245" 0 0 0 0 0 0
"2246" 1 0 1 0 0 1
"2247" 0 0 0 0 0 0
"2248" 1 0 0 1 0 1
"2249" 0 0 0 0 1 0
"2250" 0 0 0 0 0 0
"2251" 1 0 0 0 0 0
"2252" 0 0 0 0 1 0
"2253" 0 1 0 0 0 0
"2254" 0 0 0 0 0 0
"2255" 0 1 0 0 0 0
"2256" 1 0 0 0 1 1
"2257" 0 1 0 0 0 0
"2258" 0 0 0 1 1 1
"2259" 0 0 0 0 1 0
"2260" 0 1 0 0 1 1
"2261" 0 1 0 0 1 1
"2262" 1 0 0 0 1 1
"2263" 1 0 0 0 1 1
"2264" 0 1 0 1 0 1
"2265" 1 0 1 0 0 1
"2266" 0 0 1 1 0 1
"2267" 0 1 0 1 1 1
"2268" 0 0 0 1 1 1
"2269" 1 0 0 0 0 0
"2270" 1 0 0 1 0 1
"2271" 0 1 0 0 1 1
"2272" 0 0 1 0 1 1
"2273" 1 0 0 1 0 1
"2274" 1 0 0 0 0 0
"2275" 1 0 0 1 1 1
"2276" 0 0 0 0 0 0
"2277" 0 0 0 0 0 0
"2278" 0 1 0 0 1 1
"2279" 1 1 0 0 0 1
"2280" 1 0 0 1 0 1
"2281" 0 0 0 0 1 0
"2282" 0 0 0 0 0 0
"2283" 1 0 0 0 0 0
"2284" 0 1 0 0 1 1
"2285" 1 0 0 0 0 0
"2286" 0 1 0 0 1 1
"2287" 1 1 0 0 1 1
"2288" 0 0 0 0 1 0
"2289" 0 1 0 1 0 1
"2290" 0 1 0 1 1 1
"2291" 0 0 0 1 0 0
"2292" 0 1 0 0 0 0
"2293" 0 0 0 1 0 0
"2294" 0 0 0 0 1 0
"2295" 0 0 0 0 0 0
"2296" 1 1 0 0 0 1
"2297" 0 0 0 0 0 0
"2298" 1 1 0 0 0 1
"2299" 0 0 0 0 1 0
"2300" 0 1 0 1 1 1
"2301" 0 0 0 0 1 0
"2302" 0 1 0 0 1 1
"2303" 0 1 0 0 0 0
"2304" 1 0 0 0 0 0
"2305" 1 0 0 1 0 1
"2306" 0 0 0 1 1 1
"2307" 1 0 0 0 1 1
"2308" 0 0 0 0 0 0
"2309" 1 0 0 0 1 1
"2310" 1 0 0 0 0 0
"2311" 0 1 0 0 1 1
"2312" 0 0 0 1 0 0
"2313" 1 0 0 0 1 1
"2314" 1 0 0 0 0 0
"2315" 1 1 0 1 1 1
"2316" 0 0 0 0 1 0
"2317" 0 0 0 0 0 0
"2318" 0 1 0 0 0 0
"2319" 1 0 1 0 0 1
"2320" 0 0 0 0 1 0
"2321" 0 0 0 0 0 0
"2322" 1 0 0 0 0 0
"2323" 0 0 0 0 1 0
"2324" 0 0 0 0 0 0
"2325" 1 0 0 0 1 1
"2326" 1 0 0 0 1 1
"2327" 0 0 0 1 1 1
"2328" 0 1 1 1 0 1
"2329" 0 0 1 0 0 0
"2330" 0 0 0 0 1 0
"2331" 1 1 0 0 1 1
"2332" 0 0 1 1 0 1
"2333" 0 1 0 0 1 1
"2334" 1 0 1 1 0 1
"2335" 1 0 0 0 0 0
"2336" 0 0 1 1 1 1
"2337" 1 0 0 1 0 1
"2338" 1 0 0 0 1 1
"2339" 0 1 0 0 0 0
"2340" 0 0 0 0 0 0
"2341" 1 0 0 0 0 0
"2342" 1 1 0 0 1 1
"2343" 0 0 0 0 1 0
"2344" 0 1 0 0 0 0
"2345" 1 1 0 0 0 1
"2346" 1 0 0 0 1 1
"2347" 1 0 1 0 1 1
"2348" 0 1 0 0 1 1
"2349" 0 0 0 0 1 0
"2350" 0 1 0 1 1 1
"2351" 1 0 0 0 1 1
"2352" 1 1 0 0 0 1
"2353" 0 0 0 0 1 0
"2354" 0 0 0 1 0 0
"2355" 0 0 0 1 1 1
"2356" 1 0 0 0 1 1
"2357" 1 0 0 1 0 1
"2358" 1 0 0 0 1 1
"2359" 0 0 0 1 0 0
"2360" 1 1 0 0 1 1
"2361" 0 0 0 0 0 0
"2362" 0 0 0 0 0 0
"2363" 0 0 0 1 0 0
"2364" 0 0 0 0 0 0
"2365" 0 1 0 1 1 1
"2366" 0 1 0 1 1 1
"2367" 1 0 0 0 0 0
"2368" 1 0 0 0 0 0
"2369" 1 0 0 0 0 0
"2370" 1 0 0 0 1 1
"2371" 0 1 0 0 1 1
"2372" 0 1 1 1 0 1
"2373" 0 1 0 0 1 1
"2374" 0 1 0 0 0 0
"2375" 1 0 0 0 0 0
"2376" 1 0 0 0 1 1
"2377" 1 0 0 0 1 1
"2378" 0 1 0 0 0 0
"2379" 0 0 0 1 1 1
"2380" 1 0 0 0 1 1
"2381" 0 1 0 0 1 1
"2382" 0 1 0 1 0 1
"2383" 0 0 0 0 1 0
"2384" 0 0 0 0 0 0
"2385" 0 1 0 0 0 0
"2386" 0 1 0 1 1 1
"2387" 1 1 0 0 0 1
"2388" 1 0 0 0 0 0
"2389" 0 0 1 0 1 1
"2390" 0 0 0 1 1 1
"2391" 0 0 1 1 0 1
"2392" 1 0 0 1 1 1
"2393" 1 1 0 0 0 1
"2394" 0 1 0 0 1 1
"2395" 1 0 0 0 0 0
"2396" 1 0 0 0 1 1
"2397" 1 0 0 0 1 1
"2398" 1 1 0 0 0 1
"2399" 0 0 0 0 1 0
"2400" 1 0 1 0 1 1
"2401" 1 0 0 0 1 1
"2402" 1 0 0 0 1 1
"2403" 0 0 0 0 0 0
"2404" 1 1 0 0 0 1
"2405" 1 0 1 0 1 1
"2406" 1 0 0 0 0 0
"2407" 0 0 0 1 1 1
"2408" 1 0 0 0 0 0
"2409" 0 0 0 0 0 0
"2410" 1 1 0 0 1 1
"2411" 0 0 1 0 0 0
"2412" 0 0 0 1 1 1
"2413" 0 0 0 0 1 0
"2414" 0 0 0 0 0 0
"2415" 1 0 0 0 1 1
"2416" 0 0 0 0 1 0
"2417" 0 0 0 0 0 0
"2418" 0 1 0 0 1 1
"2419" 0 0 0 1 1 1
"2420" 1 0 0 1 1 1
"2421" 1 1 0 0 1 1
"2422" 0 0 1 0 1 1
"2423" 1 0 0 1 1 1
"2424" 1 0 0 0 0 0
"2425" 1 1 0 0 1 1
"2426" 0 0 0 0 0 0
"2427" 0 1 0 0 0 0
"2428" 1 0 0 0 0 0
"2429" 1 0 0 0 0 0
"2430" 1 1 0 0 1 1
"2431" 0 1 0 1 1 1
"2432" 0 0 1 1 0 1
"2433" 1 0 1 0 0 1
"2434" 1 0 0 0 1 1
"2435" 1 1 0 0 1 1
"2436" 0 0 0 0 1 0
"2437" 0 0 0 1 0 0
"2438" 1 1 0 0 1 1
"2439" 0 0 0 0 0 0
"2440" 1 0 0 0 1 1
"2441" 1 0 0 1 1 1
"2442" 0 0 0 1 1 1
"2443" 1 0 0 1 0 1
"2444" 0 0 0 0 0 0
"2445" 0 0 0 0 0 0
"2446" 0 0 0 1 0 0
"2447" 0 0 0 1 0 0
"2448" 1 0 1 0 1 1
"2449" 1 0 0 0 0 0
"2450" 1 1 0 1 0 1
"2451" 1 0 1 1 1 1
"2452" 1 1 0 0 0 1
"2453" 1 1 0 0 0 1
"2454" 1 0 1 0 0 1
"2455" 1 0 0 1 1 1
"2456" 0 0 0 0 1 0
"2457" 0 0 0 0 0 0
"2458" 1 0 0 1 0 1
"2459" 0 0 0 0 0 0
"2460" 1 0 0 0 1 1
"2461" 1 1 0 0 1 1
"2462" 1 0 0 0 1 1
"2463" 0 1 0 0 0 0
"2464" 1 1 0 1 1 1
"2465" 0 0 0 0 0 0
"2466" 1 0 0 1 1 1
"2467" 0 0 0 0 0 0
"2468" 0 0 1 1 1 1
"2469" 1 0 0 0 1 1
"2470" 1 1 0 0 1 1
"2471" 0 0 0 0 1 0
"2472" 0 0 1 0 1 1
"2473" 0 0 0 0 1 0
"2474" 1 0 1 0 0 1
"2475" 0 0 0 1 1 1
"2476" 0 0 0 1 1 1
"2477" 1 1 0 0 1 1
"2478" 1 0 0 0 1 1
"2479" 0 0 0 1 1 1
"2480" 0 0 0 1 0 0
"2481" 1 0 1 1 0 1
"2482" 1 0 0 1 0 1
"2483" 1 0 0 0 0 0
"2484" 0 0 1 0 1 1
"2485" 1 0 0 1 1 1
"2486" 1 1 0 0 1 1
"2487" 0 0 0 0 1 0
"2488" 1 1 0 0 0 1
"2489" 0 0 0 0 1 0
"2490" 0 1 0 1 0 1
"2491" 0 0 0 1 1 1
"2492" 0 0 1 0 1 1
"2493" 0 0 0 1 0 0
"2494" 1 0 0 1 0 1
"2495" 1 0 0 0 0 0
"2496" 1 0 0 0 1 1
"2497" 1 0 1 1 0 1
"2498" 0 0 0 0 0 0
"2499" 1 0 0 0 0 0
"2500" 0 1 0 0 1 1
"2501" 1 0 0 0 0 0
"2502" 0 0 0 0 1 0
"2503" 1 0 1 0 0 1
"2504" 0 1 0 0 1 1
"2505" 0 0 0 0 0 0
"2506" 0 0 0 0 0 0
"2507" 0 0 0 1 0 0
"2508" 1 0 0 1 1 1
"2509" 0 0 0 1 1 1
"2510" 0 0 0 1 1 1
"2511" 1 0 0 0 1 1
"2512" 0 1 0 0 0 0
"2513" 1 0 0 1 0 1
"2514" 0 0 0 0 0 0
"2515" 0 0 0 0 1 0
"2516" 0 0 0 0 0 0
"2517" 1 1 0 0 0 1
"2518" 1 0 0 1 1 1
"2519" 1 1 0 1 1 1
"2520" 0 0 0 0 0 0
"2521" 0 0 1 0 1 1
"2522" 0 1 0 0 0 0
"2523" 0 0 0 0 0 0
"2524" 1 1 0 0 0 1
"2525" 0 0 0 0 0 0
"2526" 1 1 0 1 1 1
"2527" 1 0 1 1 0 1
"2528" 0 0 0 0 0 0
"2529" 0 0 0 1 1 1
"2530" 0 0 0 1 1 1
"2531" 1 0 0 0 1 1
"2532" 1 0 0 0 1 1
"2533" 1 1 0 0 1 1
"2534" 0 1 0 1 0 1
"2535" 1 1 0 0 1 1
"2536" 1 0 0 0 0 0
"2537" 0 0 0 0 1 0
"2538" 1 0 1 1 0 1
"2539" 0 0 0 1 1 1
"2540" 0 1 0 1 0 1
"2541" 0 0 0 0 0 0
"2542" 1 0 0 1 0 1
"2543" 0 0 0 1 0 0
"2544" 0 0 0 0 1 0
"2545" 1 0 0 0 0 0
"2546" 0 0 0 1 0 0
"2547" 1 0 0 0 0 0
"2548" 0 1 0 0 0 0
"2549" 0 1 0 0 0 0
"2550" 0 0 1 0 1 1
"2551" 0 0 1 0 0 0
"2552" 1 0 0 1 1 1
"2553" 1 0 0 0 0 0
"2554" 0 0 0 1 1 1
"2555" 0 0 1 0 1 1
"2556" 1 1 0 0 0 1
"2557" 0 0 0 1 0 0
"2558" 0 0 0 0 0 0
"2559" 0 0 0 0 0 0
"2560" 0 0 0 1 0 0
"2561" 1 1 1 0 1 1
"2562" 0 0 1 1 1 1
"2563" 1 1 0 1 1 1
"2564" 0 0 0 1 1 1
"2565" 0 0 0 0 0 0
"2566" 1 0 0 0 1 1
"2567" 0 0 0 0 1 0
"2568" 1 0 0 1 1 1
"2569" 0 0 0 1 0 0
"2570" 0 0 1 1 1 1
"2571" 1 0 0 0 0 0
"2572" 1 0 0 1 0 1
"2573" 0 1 0 0 0 0
"2574" 0 0 0 0 1 0
"2575" 0 0 0 0 1 0
"2576" 1 0 0 1 1 1
"2577" 1 0 0 1 0 1
"2578" 0 1 0 0 1 1
"2579" 1 1 0 1 1 1
"2580" 1 0 0 0 0 0
"2581" 1 0 0 0 1 1
"2582" 0 1 1 1 1 1
"2583" 0 0 0 1 0 0
"2584" 0 0 0 0 1 0
"2585" 0 1 0 0 1 1
"2586" 1 1 0 1 0 1
"2587" 0 0 0 1 0 0
"2588" 0 1 1 0 0 1
"2589" 0 1 0 0 0 0
"2590" 1 0 0 1 1 1
"2591" 0 0 0 1 0 0
"2592" 0 0 0 0 1 0
"2593" 1 0 0 1 1 1
"2594" 0 1 0 0 0 0
"2595" 1 1 0 0 0 1
"2596" 1 0 0 0 1 1
"2597" 0 0 0 0 0 0
"2598" 0 0 0 0 1 0
"2599" 1 1 0 1 1 1
"2600" 1 1 0 0 1 1
"2601" 1 0 0 0 0 0
"2602" 0 0 0 0 1 0
"2603" 0 1 1 0 1 1
"2604" 0 0 0 0 1 0
"2605" 0 0 0 0 1 0
"2606" 0 1 0 0 1 1
"2607" 0 1 0 0 0 0
"2608" 1 1 0 1 1 1
"2609" 1 0 0 0 1 1
"2610" 1 0 0 1 0 1
"2611" 0 0 0 0 0 0
"2612" 0 1 1 0 0 1
"2613" 0 0 1 1 0 1
"2614" 0 1 0 0 0 0
"2615" 1 0 1 0 1 1
"2616" 1 1 0 1 1 1
"2617" 0 0 0 0 0 0
"2618" 0 0 0 0 1 0
"2619" 0 0 0 0 1 0
"2620" 0 1 0 1 1 1
"2621" 0 0 0 0 1 0
"2622" 0 1 0 1 0 1
"2623" 1 0 0 1 1 1
"2624" 0 0 0 0 0 0
"2625" 0 1 0 1 1 1
"2626" 1 0 0 0 0 0
"2627" 1 1 0 0 0 1
"2628" 1 0 0 0 0 0
"2629" 0 0 0 0 1 0
"2630" 1 1 0 0 0 1
"2631" 0 0 0 0 0 0
"2632" 0 1 0 1 1 1
"2633" 1 0 0 1 0 1
"2634" 0 1 1 1 0 1
"2635" 0 0 0 0 0 0
"2636" 0 0 0 0 0 0
"2637" 1 0 0 0 1 1
"2638" 1 1 0 1 1 1
"2639" 0 0 0 0 0 0
"2640" 0 0 0 0 1 0
"2641" 0 1 0 0 1 1
"2642" 0 0 0 0 0 0
"2643" 1 0 0 0 0 0
"2644" 1 0 0 1 1 1
"2645" 0 0 0 0 0 0
"2646" 0 0 0 0 1 0
"2647" 0 1 0 0 0 0
"2648" 0 0 0 0 1 0
"2649" 0 0 0 0 1 0
"2650" 0 0 1 1 0 1
"2651" 0 0 0 0 1 0
"2652" 0 1 1 0 1 1
"2653" 0 0 0 0 1 0
"2654" 1 0 0 0 1 1
"2655" 1 0 0 0 1 1
"2656" 1 0 0 0 1 1
"2657" 0 0 0 0 0 0
"2658" 1 0 0 1 1 1
"2659" 0 0 0 0 1 0
"2660" 1 0 0 0 1 1
"2661" 1 0 0 0 1 1
"2662" 1 0 0 1 0 1
"2663" 1 1 0 0 0 1
"2664" 0 1 0 0 0 0
"2665" 0 0 0 0 0 0
"2666" 1 0 0 0 0 0
"2667" 1 0 0 1 1 1
"2668" 1 0 0 0 0 0
"2669" 0 0 0 0 1 0
"2670" 0 0 0 1 0 0
"2671" 1 1 0 1 1 1
"2672" 0 1 0 1 0 1
"2673" 0 0 0 1 1 1
"2674" 0 1 0 0 0 0
"2675" 1 0 0 0 0 0
"2676" 0 0 1 1 1 1
"2677" 1 0 0 0 1 1
"2678" 1 0 0 0 1 1
"2679" 0 1 0 0 0 0
"2680" 0 1 0 1 0 1
"2681" 1 0 1 0 1 1
"2682" 0 0 0 0 0 0
"2683" 0 0 0 0 0 0
"2684" 0 0 0 1 1 1
"2685" 0 1 1 1 1 1
"2686" 0 1 0 1 1 1
"2687" 1 0 0 0 1 1
"2688" 0 0 0 0 1 0
"2689" 0 0 0 0 1 0
"2690" 0 0 0 0 0 0
"2691" 1 1 0 0 1 1
"2692" 0 0 0 0 1 0
"2693" 0 1 0 0 0 0
"2694" 0 0 0 0 1 0
"2695" 0 0 0 0 1 0
"2696" 0 0 0 1 1 1
"2697" 0 1 0 0 0 0
"2698" 1 1 1 0 0 1
"2699" 1 0 0 0 1 1
"2700" 0 0 0 0 0 0
"2701" 1 0 0 1 0 1
"2702" 1 0 0 0 0 0
"2703" 0 0 0 0 1 0
"2704" 1 1 0 0 0 1
"2705" 0 1 0 0 0 0
"2706" 0 1 0 1 0 1
"2707" 0 0 0 0 1 0
"2708" 1 0 0 0 1 1
"2709" 1 0 0 0 1 1
"2710" 0 0 1 0 0 0
"2711" 0 0 1 0 1 1
"2712" 1 1 0 1 0 1
"2713" 1 1 0 1 1 1
"2714" 1 0 0 1 0 1
"2715" 0 0 0 1 1 1
"2716" 1 1 0 1 1 1
"2717" 1 0 0 0 1 1
"2718" 0 0 0 1 0 0
"2719" 1 0 0 0 1 1
"2720" 0 0 0 1 0 0
"2721" 1 0 0 0 1 1
"2722" 0 0 0 0 1 0
"2723" 1 0 0 0 0 0
"2724" 0 0 0 1 0 0
"2725" 0 0 0 0 0 0
"2726" 1 0 0 0 0 0
"2727" 1 0 0 0 1 1
"2728" 1 0 0 1 0 1
"2729" 0 1 0 0 1 1
"2730" 1 0 0 1 0 1
"2731" 1 0 0 0 1 1
"2732" 0 0 0 0 0 0
"2733" 0 0 0 0 1 0
"2734" 1 0 0 1 0 1
"2735" 0 0 0 1 1 1
"2736" 1 0 0 1 1 1
"2737" 1 0 0 0 0 0
"2738" 1 0 0 0 0 0
"2739" 0 0 1 0 1 1
"2740" 1 0 0 1 1 1
"2741" 1 0 0 1 0 1
"2742" 0 1 0 1 1 1
"2743" 0 0 0 0 0 0
"2744" 0 0 0 1 1 1
"2745" 1 1 0 0 1 1
"2746" 0 0 0 1 0 0
"2747" 0 0 0 0 1 0
"2748" 0 1 0 1 0 1
"2749" 1 1 0 0 1 1
"2750" 1 0 0 0 0 0
"2751" 0 1 0 1 0 1
"2752" 1 0 0 0 1 1
"2753" 0 1 0 1 1 1
"2754" 0 0 0 0 0 0
"2755" 1 0 0 0 0 0
"2756" 0 0 0 0 0 0
"2757" 1 0 0 1 0 1
"2758" 0 0 0 0 1 0
"2759" 0 0 0 1 1 1
"2760" 0 0 0 0 0 0
"2761" 0 0 0 0 0 0
"2762" 0 0 0 1 1 1
"2763" 0 0 0 1 1 1
"2764" 0 0 1 0 1 1
"2765" 1 0 0 0 0 0
"2766" 0 0 0 0 1 0
"2767" 0 0 0 0 1 0
"2768" 1 0 0 0 1 1
"2769" 0 0 0 0 0 0
"2770" 1 0 0 0 0 0
"2771" 0 1 0 1 0 1
"2772" 0 0 1 0 0 0
"2773" 0 0 0 0 0 0
"2774" 0 1 0 0 1 1
"2775" 1 0 0 1 1 1
"2776" 1 0 0 0 1 1
"2777" 0 0 0 0 0 0
"2778" 1 0 0 0 1 1
"2779" 1 0 1 0 0 1
"2780" 0 0 0 0 0 0
"2781" 0 0 0 1 0 0
"2782" 1 0 0 0 1 1
"2783" 1 0 0 0 1 1
"2784" 0 0 0 1 0 0
"2785" 0 0 0 0 1 0
"2786" 0 0 0 0 0 0
"2787" 1 1 1 1 0 1
"2788" 1 0 0 0 0 0
"2789" 1 0 0 0 1 1
"2790" 1 0 0 0 0 0
"2791" 1 1 0 0 0 1
"2792" 1 0 0 0 1 1
"2793" 1 0 0 0 1 1
"2794" 1 0 0 0 1 1
"2795" 1 1 0 0 0 1
"2796" 0 0 1 0 1 1
"2797" 0 0 0 1 1 1
"2798" 1 1 0 0 1 1
"2799" 0 0 0 0 1 0
"2800" 1 1 0 0 1 1
"2801" 0 0 0 0 0 0
"2802" 1 0 0 1 0 1
"2803" 1 1 0 0 1 1
"2804" 0 0 0 0 0 0
"2805" 1 0 0 1 0 1
"2806" 1 0 0 0 0 0
"2807" 1 0 0 1 1 1
"2808" 1 0 0 0 1 1
"2809" 1 0 0 0 0 0
"2810" 0 1 0 0 1 1
"2811" 0 0 0 0 0 0
"2812" 1 1 0 1 0 1
"2813" 1 1 0 1 1 1
"2814" 0 0 0 0 0 0
"2815" 0 0 0 0 1 0
"2816" 1 0 0 0 1 1
"2817" 0 0 0 0 0 0
"2818" 0 1 0 0 1 1
"2819" 1 0 0 1 0 1
"2820" 0 0 0 0 1 0
"2821" 0 0 0 1 1 1
"2822" 1 0 0 1 1 1
"2823" 1 0 1 0 1 1
"2824" 1 0 0 1 1 1
"2825" 0 1 0 1 0 1
"2826" 0 0 0 0 1 0
"2827" 1 0 0 1 0 1
"2828" 0 1 0 1 0 1
"2829" 0 0 0 0 0 0
"2830" 0 0 0 1 0 0
"2831" 0 1 0 0 1 1
"2832" 0 0 1 1 1 1
"2833" 1 0 1 1 1 1
"2834" 1 0 0 1 1 1
"2835" 1 0 0 1 1 1
"2836" 1 1 0 0 1 1
"2837" 0 0 0 0 1 0
"2838" 0 0 0 1 0 0
"2839" 0 0 0 0 0 0
"2840" 1 0 1 1 0 1
"2841" 0 0 0 1 1 1
"2842" 0 0 0 0 1 0
"2843" 1 0 0 0 1 1
"2844" 0 0 0 1 1 1
"2845" 1 0 0 1 0 1
"2846" 0 0 0 0 1 0
"2847" 0 1 0 0 1 1
"2848" 1 0 0 0 1 1
"2849" 0 0 0 0 1 0
"2850" 0 0 0 1 1 1
"2851" 0 0 0 1 1 1
"2852" 0 0 0 0 0 0
"2853" 0 0 0 0 1 0
"2854" 0 1 0 1 1 1
"2855" 0 0 0 1 1 1
"2856" 0 1 1 1 1 1
"2857" 1 0 1 1 1 1
"2858" 0 0 0 0 1 0
"2859" 0 0 0 0 0 0
"2860" 1 0 0 0 0 0
"2861" 1 0 0 0 0 0
"2862" 0 0 0 1 1 1
"2863" 0 0 0 0 1 0
"2864" 1 0 0 0 1 1
"2865" 0 0 0 0 0 0
"2866" 1 0 0 0 0 0
"2867" 1 0 1 0 0 1
"2868" 0 0 0 1 1 1
"2869" 1 0 0 1 0 1
"2870" 0 0 0 0 0 0
"2871" 0 0 0 0 1 0
"2872" 1 1 0 1 0 1
"2873" 0 0 0 0 0 0
"2874" 0 0 0 0 0 0
"2875" 1 1 0 1 0 1
"2876" 1 0 0 0 1 1
"2877" 1 0 0 1 1 1
"2878" 1 0 0 1 0 1
"2879" 0 0 0 0 1 0
"2880" 0 0 0 1 0 0
"2881" 0 0 0 1 0 0
"2882" 1 0 0 0 0 0
"2883" 1 0 0 1 0 1
"2884" 0 0 0 0 0 0
"2885" 1 0 1 1 0 1
"2886" 1 0 0 0 0 0
"2887" 0 0 0 1 0 0
"2888" 0 0 0 1 0 0
"2889" 1 0 0 0 1 1
"2890" 0 1 0 0 0 0
"2891" 0 0 0 0 1 0
"2892" 0 1 0 1 1 1
"2893" 0 0 0 0 1 0
"2894" 0 0 0 0 1 0
"2895" 0 0 0 1 0 0
"2896" 1 1 0 0 0 1
"2897" 0 1 0 1 0 1
"2898" 0 0 0 1 1 1
"2899" 1 0 0 1 1 1
"2900" 0 0 0 1 0 0
"2901" 0 0 0 1 1 1
"2902" 0 0 0 0 0 0
"2903" 0 0 1 0 0 0
"2904" 0 0 0 0 0 0
"2905" 0 0 0 1 0 0
"2906" 1 0 0 0 0 0
"2907" 0 1 0 0 1 1
"2908" 0 0 1 0 0 0
"2909" 0 1 1 0 0 1
"2910" 0 0 0 0 0 0
"2911" 1 0 0 0 1 1
"2912" 0 0 0 0 1 0
"2913" 0 1 0 0 0 0
"2914" 0 0 0 0 0 0
"2915" 0 0 0 1 1 1
"2916" 0 0 0 0 0 0
"2917" 1 0 0 0 0 0
"2918" 1 1 0 1 0 1
"2919" 1 1 0 0 1 1
"2920" 1 0 0 1 1 1
"2921" 0 0 0 0 1 0
"2922" 1 0 1 0 1 1
"2923" 0 0 0 0 0 0
"2924" 0 0 0 0 1 0
"2925" 1 0 0 0 1 1
"2926" 0 1 0 0 1 1
"2927" 0 1 0 0 0 0
"2928" 0 0 0 0 1 0
"2929" 1 0 0 1 0 1
"2930" 0 0 0 1 1 1
"2931" 0 0 0 0 0 0
"2932" 0 0 0 1 0 0
"2933" 0 0 0 1 0 0
"2934" 0 0 0 0 0 0
"2935" 0 0 0 1 1 1
"2936" 1 1 0 1 0 1
"2937" 0 1 0 0 0 0
"2938" 1 0 0 0 0 0
"2939" 0 0 0 0 0 0
"2940" 0 0 0 0 1 0
"2941" 1 0 0 0 1 1
"2942" 1 0 0 0 0 0
"2943" 0 0 0 1 0 0
"2944" 1 0 0 0 1 1
"2945" 1 0 0 0 1 1
"2946" 1 0 0 0 1 1
"2947" 1 0 0 0 1 1
"2948" 0 0 0 0 0 0
"2949" 1 0 0 0 1 1
"2950" 1 0 0 0 1 1
"2951" 1 0 0 0 0 0
"2952" 1 0 0 1 1 1
"2953" 0 0 0 0 1 0
"2954" 1 0 0 0 1 1
"2955" 0 0 0 1 1 1
"2956" 0 0 1 1 0 1
"2957" 1 0 0 0 0 0
"2958" 0 0 0 0 1 0
"2959" 0 0 0 0 0 0
"2960" 0 1 0 0 0 0
"2961" 0 0 0 0 1 0
"2962" 1 0 0 0 1 1
"2963" 0 0 0 0 0 0
"2964" 1 0 0 0 1 1
"2965" 0 0 0 0 0 0
"2966" 0 1 0 1 0 1
"2967" 1 0 0 0 1 1
"2968" 1 1 0 0 1 1
"2969" 1 0 0 0 1 1
"2970" 1 0 0 1 1 1
"2971" 0 0 0 1 1 1
"2972" 0 0 0 1 1 1
"2973" 1 1 0 0 0 1
"2974" 0 0 0 0 0 0
"2975" 1 0 0 0 1 1
"2976" 1 0 0 0 0 0
"2977" 0 0 0 1 1 1
"2978" 1 0 0 0 1 1
"2979" 1 0 0 1 1 1
"2980" 1 1 0 0 1 1
"2981" 1 0 0 1 1 1
"2982" 1 0 0 0 0 0
"2983" 0 0 0 1 0 0
"2984" 1 0 0 1 0 1
"2985" 0 0 0 0 0 0
"2986" 1 0 0 1 1 1
"2987" 1 0 0 1 0 1
"2988" 1 1 0 0 1 1
"2989" 0 0 0 0 1 0
"2990" 1 0 0 0 0 0
"2991" 1 0 0 0 1 1
"2992" 1 0 1 1 1 1
"2993" 1 0 0 1 1 1
"2994" 1 0 0 0 1 1
"2995" 1 0 0 0 0 0
"2996" 1 0 0 0 0 0
"2997" 0 1 0 0 0 0
"2998" 0 0 0 0 0 0
"2999" 1 0 0 0 0 0
"3000" 1 1 0 1 1 1
"3001" 0 0 0 1 1 1
"3002" 0 1 0 0 0 0
"3003" 0 0 1 0 1 1
"3004" 0 0 0 1 0 0
"3005" 0 0 0 0 0 0
"3006" 0 0 0 1 1 1
"3007" 0 1 0 0 0 0
"3008" 1 0 0 0 1 1
"3009" 0 0 0 0 0 0
"3010" 1 0 0 1 0 1
"3011" 0 0 0 0 1 0
"3012" 1 1 0 0 0 1
"3013" 0 0 0 1 0 0
"3014" 1 0 0 0 0 0
"3015" 1 0 0 1 1 1
"3016" 0 1 0 0 1 1
"3017" 0 0 1 0 0 0
"3018" 1 0 0 0 1 1
"3019" 0 1 0 0 0 0
"3020" 0 1 0 0 0 0
"3021" 1 0 0 0 1 1
"3022" 1 0 0 0 1 1
"3023" 1 1 0 0 0 1
"3024" 1 0 0 0 0 0
"3025" 0 0 1 0 1 1
"3026" 0 0 0 0 1 0
"3027" 1 1 0 0 0 1
"3028" 0 0 0 1 0 0
"3029" 1 0 0 0 0 0
"3030" 0 0 1 1 1 1
"3031" 0 1 1 0 0 1
"3032" 1 1 0 0 1 1
"3033" 0 1 0 1 1 1
"3034" 1 0 0 0 0 0
"3035" 0 0 0 0 1 0
"3036" 0 0 0 0 0 0
"3037" 0 1 0 0 1 1
"3038" 1 0 0 1 1 1
"3039" 0 0 0 1 1 1
"3040" 1 0 0 0 0 0
"3041" 1 1 0 0 1 1
"3042" 0 0 1 0 1 1
"3043" 1 0 0 0 0 0
"3044" 0 0 0 0 0 0
"3045" 0 0 0 1 0 0
"3046" 0 0 1 0 0 0
"3047" 0 0 0 0 0 0
"3048" 1 0 0 0 0 0
"3049" 0 0 0 0 0 0
"3050" 1 0 0 0 0 0
"3051" 1 1 0 0 1 1
"3052" 0 1 0 0 1 1
"3053" 1 0 0 0 1 1
"3054" 0 1 0 0 1 1
"3055" 0 0 0 1 1 1
"3056" 0 0 0 0 0 0
"3057" 1 1 0 0 0 1
"3058" 0 1 0 0 0 0
"3059" 0 1 0 0 1 1
"3060" 0 1 0 1 0 1
"3061" 0 0 0 1 1 1
"3062" 1 0 0 0 0 0
"3063" 0 0 0 1 1 1
"3064" 1 0 0 0 0 0
"3065" 1 1 0 1 1 1
"3066" 0 0 0 0 0 0
"3067" 0 0 0 0 1 0
"3068" 1 0 0 0 0 0
"3069" 0 0 0 1 0 0
"3070" 0 0 0 1 1 1
"3071" 0 0 0 1 1 1
"3072" 0 1 0 0 1 1
"3073" 0 0 0 0 0 0
"3074" 0 0 0 1 0 0
"3075" 0 0 0 0 0 0
"3076" 0 0 0 0 0 0
"3077" 1 1 0 0 0 1
"3078" 1 1 0 0 1 1
"3079" 0 0 0 0 0 0
"3080" 1 0 0 0 0 0
"3081" 1 0 0 0 1 1
"3082" 0 0 0 1 0 0
"3083" 0 1 0 0 1 1
"3084" 0 1 0 0 1 1
"3085" 1 1 0 0 0 1
"3086" 1 0 0 0 1 1
"3087" 0 0 0 0 1 0
"3088" 1 1 0 1 0 1
"3089" 0 0 0 0 0 0
"3090" 0 0 0 1 0 0
"3091" 0 0 0 1 1 1
"3092" 0 1 0 1 0 1
"3093" 0 0 0 0 1 0
"3094" 1 0 0 0 1 1
"3095" 0 0 0 0 0 0
"3096" 0 0 0 1 1 1
"3097" 0 0 0 0 1 0
"3098" 0 0 0 0 1 0
"3099" 0 0 0 1 1 1
"3100" 0 1 0 0 1 1
"3101" 1 0 0 0 1 1
"3102" 0 0 0 1 1 1
"3103" 0 1 1 1 1 1
"3104" 0 0 0 1 1 1
"3105" 1 0 0 0 1 1
"3106" 0 0 0 0 0 0
"3107" 0 0 0 0 1 0
"3108" 1 0 1 1 0 1
"3109" 1 0 0 1 0 1
"3110" 0 0 0 0 0 0
"3111" 0 0 0 0 0 0
"3112" 1 1 0 1 1 1
"3113" 1 0 0 1 1 1
"3114" 0 0 1 0 1 1
"3115" 0 0 0 0 1 0
"3116" 0 0 1 0 0 0
"3117" 0 0 0 1 0 0
"3118" 1 0 0 0 0 0
"3119" 0 0 0 0 1 0
"3120" 1 0 0 0 1 1
"3121" 0 0 0 0 1 0
"3122" 0 0 0 1 1 1
"3123" 1 0 0 0 0 0
"3124" 0 0 0 0 0 0
"3125" 0 0 0 0 0 0
"3126" 0 0 0 0 0 0
"3127" 1 1 0 0 1 1
"3128" 1 0 0 0 1 1
"3129" 1 1 0 0 1 1
"3130" 1 0 1 0 1 1
"3131" 0 0 0 0 1 0
"3132" 1 0 0 1 0 1
"3133" 0 0 1 0 0 0
"3134" 1 0 0 1 0 1
"3135" 0 1 0 1 0 1
"3136" 0 1 0 0 0 0
"3137" 1 0 0 0 1 1
"3138" 0 0 1 1 0 1
"3139" 1 0 0 1 1 1
"3140" 1 1 0 0 1 1
"3141" 0 0 0 0 0 0
"3142" 0 1 0 0 0 0
"3143" 1 1 0 0 1 1
"3144" 1 0 0 0 0 0
"3145" 1 0 0 0 1 1
"3146" 0 0 0 0 1 0
"3147" 1 0 0 0 1 1
"3148" 0 0 0 0 0 0
"3149" 0 1 0 0 0 0
"3150" 1 0 0 1 0 1
"3151" 0 0 0 0 1 0
"3152" 0 1 0 0 1 1
"3153" 1 0 0 0 1 1
"3154" 1 1 0 0 1 1
"3155" 1 1 0 0 1 1
"3156" 0 0 0 1 1 1
"3157" 0 0 0 1 1 1
"3158" 1 0 0 1 1 1
"3159" 1 0 0 0 0 0
"3160" 1 0 0 0 1 1
"3161" 0 0 0 1 0 0
"3162" 0 0 0 1 1 1
"3163" 0 1 0 0 1 1
"3164" 0 0 0 0 1 0
"3165" 1 0 0 1 1 1
"3166" 0 1 0 0 1 1
"3167" 1 0 0 0 0 0
"3168" 1 0 0 0 0 0
"3169" 1 0 0 1 0 1
"3170" 0 0 0 0 1 0
"3171" 1 1 0 0 0 1
"3172" 1 0 0 0 1 1
"3173" 0 1 0 1 1 1
"3174" 0 0 0 1 1 1
"3175" 0 1 0 0 1 1
"3176" 1 0 0 0 0 0
"3177" 1 1 0 1 1 1
"3178" 0 0 0 0 0 0
"3179" 0 1 1 0 0 1
"3180" 1 0 0 0 0 0
"3181" 1 0 0 1 0 1
"3182" 0 0 0 0 0 0
"3183" 0 0 0 1 1 1
"3184" 0 0 0 0 0 0
"3185" 1 0 0 0 0 0
"3186" 1 1 0 0 0 1
"3187" 0 0 0 0 0 0
"3188" 0 0 1 0 0 0
"3189" 0 0 0 0 0 0
"3190" 0 1 0 1 1 1
"3191" 1 1 0 1 1 1
"3192" 0 1 0 0 0 0
"3193" 0 1 0 0 0 0
"3194" 0 0 0 0 1 0
"3195" 0 0 0 0 0 0
"3196" 0 0 0 1 0 0
"3197" 0 0 0 1 0 0
"3198" 0 0 0 0 0 0
"3199" 1 0 0 0 0 0
"3200" 0 0 0 1 1 1
"3201" 1 0 0 0 1 1
"3202" 0 0 0 0 1 0
"3203" 1 0 0 0 0 0
"3204" 0 0 0 0 1 0
"3205" 0 0 0 0 0 0
"3206" 0 0 0 0 0 0
"3207" 0 0 0 1 0 0
"3208" 0 0 0 0 1 0
"3209" 0 0 0 1 0 0
"3210" 0 0 0 1 1 1
"3211" 0 0 0 0 0 0
"3212" 1 0 0 0 0 0
"3213" 0 1 0 1 1 1
"3214" 1 0 0 0 1 1
"3215" 0 0 0 0 0 0
"3216" 1 0 0 0 1 1
"3217" 0 0 0 0 0 0
"3218" 0 1 0 1 0 1
"3219" 0 0 0 0 0 0
"3220" 0 0 0 0 0 0
"3221" 1 0 0 1 1 1
"3222" 0 1 0 0 0 0
"3223" 1 0 0 1 0 1
"3224" 1 1 0 1 1 1
"3225" 1 1 0 1 0 1
"3226" 0 0 0 0 1 0
"3227" 0 0 0 1 0 0
"3228" 0 0 0 0 1 0
"3229" 1 1 0 1 1 1
"3230" 0 0 1 1 0 1
"3231" 1 0 1 0 1 1
"3232" 1 0 0 0 1 1
"3233" 1 0 0 1 1 1
"3234" 0 0 0 0 0 0
"3235" 0 1 0 1 1 1
"3236" 0 0 0 0 1 0
"3237" 1 0 0 1 1 1
"3238" 0 0 0 0 0 0
"3239" 0 1 0 0 0 0
"3240" 1 0 0 0 0 0
"3241" 0 1 0 1 1 1
"3242" 1 0 0 0 0 0
"3243" 1 0 0 0 1 1
"3244" 0 0 0 1 0 0
"3245" 0 0 0 0 0 0
"3246" 0 0 1 0 1 1
"3247" 1 0 0 1 1 1
"3248" 1 0 0 0 0 0
"3249" 1 0 0 0 0 0
"3250" 1 1 0 1 0 1
"3251" 1 0 0 0 1 1
"3252" 0 0 0 0 0 0
"3253" 1 0 0 0 1 1
"3254" 0 0 0 0 1 0
"3255" 0 0 0 0 1 0
"3256" 1 0 0 0 1 1
"3257" 0 1 1 1 1 1
"3258" 0 0 0 0 1 0
"3259" 0 0 1 0 0 0
"3260" 0 0 0 0 0 0
"3261" 0 0 0 1 1 1
"3262" 0 0 0 1 0 0
"3263" 0 0 0 0 1 0
"3264" 0 0 0 0 1 0
"3265" 0 0 0 0 0 0
"3266" 0 0 0 0 0 0
"3267" 0 1 0 0 1 1
"3268" 1 1 0 0 1 1
"3269" 1 0 0 1 1 1
"3270" 0 1 0 1 0 1
"3271" 0 0 0 0 0 0
"3272" 0 0 0 0 1 0
"3273" 0 0 1 0 0 0
"3274" 0 1 0 0 1 1
"3275" 0 0 0 0 1 0
"3276" 0 0 0 0 1 0
"3277" 0 0 0 0 1 0
"3278" 1 0 0 1 1 1
"3279" 0 0 0 0 1 0
"3280" 1 0 0 1 0 1
"3281" 0 1 0 1 1 1
"3282" 0 1 0 0 0 0
"3283" 1 0 0 0 0 0
"3284" 0 1 0 1 0 1
"3285" 1 1 0 0 1 1
"3286" 1 0 0 0 1 1
"3287" 1 1 0 0 1 1
"3288" 0 0 0 0 1 0
"3289" 0 0 0 1 0 0
"3290" 0 0 0 0 0 0
"3291" 1 0 0 1 1 1
"3292" 0 0 0 0 1 0
"3293" 1 0 0 0 0 0
"3294" 1 0 0 0 1 1
"3295" 1 1 0 1 0 1
"3296" 0 1 0 0 1 1
"3297" 1 0 0 0 1 1
"3298" 0 0 0 0 1 0
"3299" 1 0 0 0 1 1
"3300" 0 1 0 1 0 1
"3301" 1 0 0 0 0 0
"3302" 1 0 0 0 1 1
"3303" 0 1 0 1 1 1
"3304" 0 0 0 0 0 0
"3305" 0 0 0 0 0 0
"3306" 0 0 0 0 0 0
"3307" 0 0 0 0 0 0
"3308" 0 0 0 1 1 1
"3309" 0 0 0 0 1 0
"3310" 1 0 0 0 1 1
"3311" 1 1 0 0 1 1
"3312" 1 0 0 0 0 0
"3313" 0 0 0 0 0 0
"3314" 0 0 0 0 0 0
"3315" 1 1 0 0 1 1
"3316" 1 0 0 0 1 1
"3317" 1 0 0 0 1 1
"3318" 1 0 0 1 1 1
"3319" 0 0 0 0 0 0
"3320" 1 0 0 0 1 1
"3321" 1 0 0 0 1 1
"3322" 0 0 0 0 0 0
"3323" 1 0 0 1 1 1
"3324" 0 0 0 1 0 0
"3325" 1 0 0 0 0 0
"3326" 0 0 0 0 0 0
"3327" 0 0 0 1 0 0
"3328" 0 0 0 0 1 0
"3329" 0 0 0 0 0 0
"3330" 1 1 0 1 1 1
"3331" 1 1 0 1 0 1
"3332" 0 0 0 0 0 0
"3333" 0 0 0 0 0 0
"3334" 1 0 0 0 1 1
"3335" 0 0 0 0 1 0
"3336" 0 1 0 0 1 1
"3337" 1 0 1 0 0 1
"3338" 1 1 0 1 0 1
"3339" 1 0 0 0 0 0
"3340" 0 1 0 0 1 1
"3341" 1 0 0 0 0 0
"3342" 0 0 0 1 0 0
"3343" 0 0 0 0 0 0
"3344" 1 0 1 0 0 1
"3345" 0 0 0 0 1 0
"3346" 1 1 0 0 0 1
"3347" 1 0 0 0 0 0
"3348" 0 1 0 1 1 1
"3349" 1 1 1 1 1 1
"3350" 0 0 0 0 1 0
"3351" 1 0 0 1 0 1
"3352" 1 0 0 0 0 0
"3353" 0 0 0 1 0 0
"3354" 1 0 0 0 0 0
"3355" 0 1 0 1 1 1
"3356" 1 0 0 1 0 1
"3357" 0 0 1 0 0 0
"3358" 0 0 0 0 1 0
"3359" 1 0 0 0 1 1
"3360" 0 1 0 0 1 1
"3361" 0 0 1 1 0 1
"3362" 1 0 0 0 0 0
"3363" 1 0 0 0 0 0
"3364" 1 1 0 1 1 1
"3365" 1 1 0 0 0 1
"3366" 0 0 1 0 1 1
"3367" 0 0 0 1 1 1
"3368" 0 0 0 0 1 0
"3369" 0 0 0 1 0 0
"3370" 0 1 0 0 0 0
"3371" 0 0 0 1 0 0
"3372" 0 0 0 0 0 0
"3373" 0 0 0 0 0 0
"3374" 0 0 0 0 1 0
"3375" 0 0 0 0 1 0
"3376" 1 0 0 1 1 1
"3377" 0 0 0 0 1 0
"3378" 0 1 0 0 1 1
"3379" 0 0 0 1 0 0
"3380" 1 0 0 0 1 1
"3381" 1 1 0 1 1 1
"3382" 0 0 0 0 1 0
"3383" 1 0 0 0 1 1
"3384" 0 0 0 0 0 0
"3385" 1 0 0 1 0 1
"3386" 1 1 0 0 0 1
"3387" 0 0 0 0 0 0
"3388" 1 1 1 0 0 1
"3389" 0 0 0 0 1 0
"3390" 0 1 0 0 0 0
"3391" 0 0 0 0 0 0
"3392" 0 0 0 0 1 0
"3393" 1 1 1 1 0 1
"3394" 1 1 1 0 0 1
"3395" 0 0 0 0 0 0
"3396" 0 0 0 0 1 0
"3397" 1 0 0 1 1 1
"3398" 0 0 0 0 0 0
"3399" 1 0 0 1 1 1
"3400" 0 1 0 0 0 0
"3401" 1 0 0 0 0 0
"3402" 0 0 0 0 0 0
"3403" 1 0 0 0 1 1
"3404" 0 0 0 0 0 0
"3405" 0 0 0 1 0 0
"3406" 0 0 0 0 0 0
"3407" 1 0 0 0 0 0
"3408" 0 0 0 1 1 1
"3409" 1 1 0 0 0 1
"3410" 1 0 0 0 0 0
"3411" 0 0 0 0 1 0
"3412" 1 1 0 0 0 1
"3413" 0 0 0 0 1 0
"3414" 0 0 0 1 1 1
"3415" 0 0 1 0 0 0
"3416" 1 0 0 0 1 1
"3417" 0 0 0 0 1 0
"3418" 0 0 0 1 0 0
"3419" 1 1 1 0 1 1
"3420" 1 0 0 0 0 0
"3421" 0 0 0 1 1 1
"3422" 1 0 0 0 1 1
"3423" 1 1 0 1 1 1
"3424" 1 0 0 1 1 1
"3425" 0 0 0 0 1 0
"3426" 0 0 0 0 1 0
"3427" 1 0 0 1 0 1
"3428" 1 0 0 0 1 1
"3429" 1 1 0 0 0 1
"3430" 1 0 0 0 1 1
"3431" 1 0 1 0 0 1
"3432" 0 0 0 0 1 0
"3433" 1 0 0 1 0 1
"3434" 0 0 0 0 1 0
"3435" 0 0 0 0 0 0
"3436" 1 0 0 0 0 0
"3437" 0 1 0 0 0 0
"3438" 1 0 0 0 1 1
"3439" 1 0 0 0 0 0
"3440" 0 0 0 0 0 0
"3441" 1 0 0 0 1 1
"3442" 0 0 0 0 0 0
"3443" 1 1 0 0 1 1
"3444" 0 1 0 0 1 1
"3445" 0 1 0 1 0 1
"3446" 0 1 0 0 1 1
"3447" 0 0 0 1 0 0
"3448" 1 1 0 0 1 1
"3449" 0 0 0 0 0 0
"3450" 1 0 0 0 1 1
"3451" 0 0 0 1 0 0
"3452" 0 0 0 0 1 0
"3453" 0 1 0 0 0 0
"3454" 0 0 0 0 1 0
"3455" 0 0 0 0 1 0
"3456" 0 0 0 0 1 0
"3457" 0 0 0 0 0 0
"3458" 1 1 1 0 1 1
"3459" 1 0 0 0 1 1
"3460" 0 0 0 1 0 0
"3461" 1 0 0 0 0 0
"3462" 1 1 0 0 0 1
"3463" 1 0 0 1 0 1
"3464" 0 0 1 0 0 0
"3465" 0 0 0 0 0 0
"3466" 1 0 1 1 0 1
"3467" 1 0 0 0 0 0
"3468" 0 0 0 0 0 0
"3469" 0 0 1 1 0 1
"3470" 1 0 0 0 0 0
"3471" 0 0 0 0 0 0
"3472" 0 0 0 0 1 0
"3473" 0 1 1 0 0 1
"3474" 0 0 0 0 1 0
"3475" 1 0 0 0 0 0
"3476" 1 0 0 0 0 0
"3477" 0 1 0 0 1 1
"3478" 1 0 1 1 0 1
"3479" 0 0 0 0 0 0
"3480" 1 1 1 1 1 1
"3481" 0 1 0 0 1 1
"3482" 0 0 0 0 0 0
"3483" 1 0 0 1 0 1
"3484" 1 1 0 0 1 1
"3485" 0 0 0 1 0 0
"3486" 0 1 0 0 0 0
"3487" 0 1 0 1 1 1
"3488" 0 0 0 0 1 0
"3489" 1 0 0 1 1 1
"3490" 0 0 0 0 1 0
"3491" 0 0 0 0 1 0
"3492" 0 0 0 0 0 0
"3493" 0 0 0 0 0 0
"3494" 1 0 0 1 0 1
"3495" 1 1 0 0 1 1
"3496" 0 0 0 0 1 0
"3497" 1 0 0 1 0 1
"3498" 0 0 0 0 1 0
"3499" 1 1 0 1 1 1
"3500" 0 0 1 1 0 1
"3501" 0 0 0 0 1 0
"3502" 1 0 0 0 1 1
"3503" 1 0 0 0 0 0
"3504" 0 0 0 0 1 0
"3505" 1 0 0 0 0 0
"3506" 1 0 0 1 1 1
"3507" 0 1 0 0 0 0
"3508" 0 0 0 1 1 1
"3509" 0 0 0 0 1 0
"3510" 1 1 0 0 0 1
"3511" 0 1 0 0 1 1
"3512" 1 0 1 0 0 1
"3513" 0 0 1 0 0 0
"3514" 0 0 0 0 0 0
"3515" 0 0 0 0 1 0
"3516" 0 0 0 1 1 1
"3517" 1 0 0 1 1 1
"3518" 1 0 0 0 1 1
"3519" 0 0 0 1 1 1
"3520" 0 1 0 1 0 1
"3521" 1 0 0 0 1 1
"3522" 0 0 0 0 0 0
"3523" 1 0 0 1 0 1
"3524" 0 0 0 0 0 0
"3525" 1 0 0 0 0 0
"3526" 1 0 0 1 0 1
"3527" 0 0 0 0 0 0
"3528" 0 0 0 1 1 1
"3529" 1 0 0 0 1 1
"3530" 0 1 0 1 0 1
"3531" 1 0 0 0 1 1
"3532" 0 0 0 0 1 0
"3533" 0 0 0 0 1 0
"3534" 0 0 0 1 1 1
"3535" 0 0 1 0 0 0
"3536" 1 1 0 0 0 1
"3537" 1 1 0 0 1 1
"3538" 0 1 0 0 0 0
"3539" 0 0 0 0 1 0
"3540" 0 0 0 0 0 0
"3541" 1 1 1 0 1 1
"3542" 0 0 0 0 1 0
"3543" 1 0 0 0 0 0
"3544" 0 0 0 1 0 0
"3545" 1 0 1 0 0 1
"3546" 0 0 0 0 1 0
"3547" 0 1 0 0 1 1
"3548" 1 0 0 0 1 1
"3549" 1 0 0 1 1 1
"3550" 0 1 0 0 0 0
"3551" 0 0 0 1 0 0
"3552" 1 0 0 0 0 0
"3553" 1 1 0 0 1 1
"3554" 0 0 0 0 1 0
"3555" 1 0 0 0 1 1
"3556" 0 0 0 0 1 0
"3557" 1 0 0 0 0 0
"3558" 1 1 0 0 0 1
"3559" 0 0 0 0 1 0
"3560" 0 0 0 0 1 0
"3561" 0 0 0 1 1 1
"3562" 0 1 0 0 0 0
"3563" 1 1 1 1 0 1
"3564" 1 0 0 0 0 0
"3565" 1 1 0 1 1 1
"3566" 0 1 0 1 1 1
"3567" 1 1 1 0 0 1
"3568" 1 0 0 0 1 1
"3569" 0 1 0 0 1 1
"3570" 0 0 0 1 1 1
"3571" 0 0 0 0 0 0
"3572" 0 0 0 1 0 0
"3573" 1 1 0 0 1 1
"3574" 1 0 0 0 0 0
"3575" 0 1 0 1 0 1
"3576" 0 0 0 0 0 0
"3577" 0 0 0 0 0 0
"3578" 0 1 0 0 1 1
"3579" 1 0 1 1 0 1
"3580" 0 0 0 0 1 0
"3581" 1 0 0 0 1 1
"3582" 0 0 0 0 1 0
"3583" 1 0 0 0 1 1
"3584" 0 1 0 0 1 1
"3585" 1 1 1 0 1 1
"3586" 1 0 1 0 0 1
"3587" 0 0 0 0 0 0
"3588" 0 0 0 0 1 0
"3589" 0 1 0 0 0 0
"3590" 1 0 1 0 0 1
"3591" 0 1 0 0 1 1
"3592" 0 0 0 0 1 0
"3593" 1 0 0 0 0 0
"3594" 1 0 0 0 0 0
"3595" 0 0 0 0 1 0
"3596" 1 1 0 0 1 1
"3597" 1 0 1 0 1 1
"3598" 0 0 0 0 0 0
"3599" 0 0 0 0 1 0
"3600" 1 0 1 0 1 1
"3601" 0 1 0 0 0 0
"3602" 1 0 0 0 0 0
"3603" 0 0 0 0 0 0
"3604" 1 0 0 1 1 1
"3605" 1 0 0 0 0 0
"3606" 1 1 1 0 0 1
"3607" 0 0 0 0 1 0
"3608" 0 0 0 0 1 0
"3609" 1 0 0 1 0 1
"3610" 1 0 0 0 1 1
"3611" 0 0 0 1 1 1
"3612" 0 0 0 0 1 0
"3613" 1 0 0 0 0 0
"3614" 1 1 1 0 0 1
"3615" 1 0 0 0 0 0
"3616" 0 0 0 0 1 0
"3617" 0 1 0 1 0 1
"3618" 0 0 0 1 0 0
"3619" 0 0 0 0 0 0
"3620" 1 1 0 1 0 1
"3621" 0 0 0 0 0 0
"3622" 0 0 0 0 0 0
"3623" 0 0 0 0 0 0
"3624" 1 1 0 0 1 1
"3625" 1 1 0 0 0 1
"3626" 0 1 0 1 0 1
"3627" 0 0 0 0 0 0
"3628" 0 0 0 1 1 1
"3629" 1 0 0 1 1 1
"3630" 0 0 0 0 0 0
"3631" 0 0 0 0 0 0
"3632" 1 0 0 0 0 0
"3633" 0 0 0 0 1 0
"3634" 0 1 0 1 0 1
"3635" 0 0 0 0 1 0
"3636" 0 0 0 1 1 1
"3637" 0 0 1 0 0 0
"3638" 1 1 1 0 0 1
"3639" 0 1 0 1 1 1
"3640" 1 0 0 1 0 1
"3641" 1 1 0 0 1 1
"3642" 0 0 0 0 0 0
"3643" 1 0 0 0 0 0
"3644" 0 0 0 1 0 0
"3645" 1 1 0 0 1 1
"3646" 0 0 0 1 1 1
"3647" 1 0 0 0 0 0
"3648" 1 0 0 0 0 0
"3649" 0 1 1 1 0 1
"3650" 0 0 0 0 1 0
"3651" 1 0 0 1 0 1
"3652" 0 0 0 0 0 0
"3653" 0 1 0 0 1 1
"3654" 1 0 0 0 0 0
"3655" 1 0 1 0 1 1
"3656" 0 0 0 0 1 0
"3657" 0 0 0 0 0 0
"3658" 0 1 0 0 0 0
"3659" 0 0 0 0 0 0
"3660" 1 0 0 0 0 0
"3661" 1 0 0 1 1 1
"3662" 0 1 0 0 1 1
"3663" 0 0 0 1 0 0
"3664" 0 0 0 0 0 0
"3665" 0 0 0 0 1 0
"3666" 0 0 0 0 1 0
"3667" 1 1 0 0 0 1
"3668" 0 0 0 1 0 0
"3669" 0 1 0 1 0 1
"3670" 0 0 0 1 1 1
"3671" 0 0 0 0 1 0
"3672" 0 0 0 1 1 1
"3673" 0 0 0 0 0 0
"3674" 0 0 1 0 1 1
"3675" 1 0 0 0 1 1
"3676" 0 0 0 0 0 0
"3677" 0 1 0 0 0 0
"3678" 1 0 0 1 0 1
"3679" 0 0 0 0 1 0
"3680" 1 0 0 0 1 1
"3681" 1 1 0 1 0 1
"3682" 1 0 0 0 0 0
"3683" 0 0 0 0 0 0
"3684" 0 1 0 0 1 1
"3685" 0 0 0 0 1 0
"3686" 1 0 0 0 1 1
"3687" 1 0 0 0 1 1
"3688" 1 0 0 1 1 1
"3689" 0 1 0 1 1 1
"3690" 1 0 0 0 0 0
"3691" 1 0 0 1 1 1
"3692" 1 1 0 1 0 1
"3693" 1 1 0 1 1 1
"3694" 1 0 0 0 0 0
"3695" 1 0 0 1 0 1
"3696" 1 1 0 0 0 1
"3697" 0 0 0 0 1 0
"3698" 1 1 1 0 0 1
"3699" 0 0 0 1 1 1
"3700" 0 0 0 0 1 0
"3701" 0 0 0 0 0 0
"3702" 1 0 0 0 0 0
"3703" 1 0 0 0 0 0
"3704" 0 1 0 0 0 0
"3705" 0 1 0 0 1 1
"3706" 0 0 0 0 1 0
"3707" 1 1 0 0 1 1
"3708" 0 0 0 0 1 0
"3709" 0 0 0 0 0 0
"3710" 1 0 0 1 1 1
"3711" 0 1 0 0 1 1
"3712" 0 1 0 0 1 1
"3713" 0 0 0 0 0 0
"3714" 0 0 0 0 0 0
"3715" 0 0 0 0 0 0
"3716" 1 1 0 1 0 1
"3717" 1 1 0 1 0 1
"3718" 1 0 0 0 1 1
"3719" 1 1 0 1 1 1
"3720" 1 0 0 1 0 1
"3721" 0 0 1 0 0 0
"3722" 1 0 0 1 1 1
"3723" 0 0 0 0 0 0
"3724" 0 0 0 0 1 0
"3725" 0 0 1 0 0 0
"3726" 0 0 0 1 0 0
"3727" 0 0 0 1 1 1
"3728" 1 0 1 0 1 1
"3729" 0 0 0 0 0 0
"3730" 0 0 0 0 1 0
"3731" 0 0 0 0 0 0
"3732" 0 1 0 1 0 1
"3733" 1 0 0 0 1 1
"3734" 1 0 0 0 1 1
"3735" 1 1 0 0 1 1
"3736" 0 0 0 0 1 0
"3737" 0 1 0 1 0 1
"3738" 1 1 1 0 0 1
"3739" 1 0 0 0 0 0
"3740" 1 0 1 0 0 1
"3741" 1 1 0 0 1 1
"3742" 0 0 0 0 0 0
"3743" 0 0 0 0 1 0
"3744" 1 0 0 0 1 1
"3745" 1 0 0 1 1 1
"3746" 1 0 0 0 0 0
"3747" 0 0 0 1 0 0
"3748" 1 0 0 0 0 0
"3749" 0 0 0 0 1 0
"3750" 0 0 0 0 0 0
"3751" 1 0 0 0 1 1
"3752" 1 0 0 0 1 1
"3753" 1 0 0 0 1 1
"3754" 0 1 0 0 1 1
"3755" 1 1 0 1 1 1
"3756" 0 0 0 1 1 1
"3757" 1 1 0 1 1 1
"3758" 1 0 0 1 0 1
"3759" 0 1 0 0 1 1
"3760" 0 0 0 0 1 0
"3761" 0 0 1 0 0 0
"3762" 0 0 1 1 1 1
"3763" 1 0 0 0 0 0
"3764" 0 0 0 1 0 0
"3765" 0 0 0 0 0 0
"3766" 0 1 0 1 1 1
"3767" 0 0 0 1 1 1
"3768" 0 1 0 0 0 0
"3769" 0 1 0 0 0 0
"3770" 1 0 0 0 1 1
"3771" 0 0 0 0 1 0
"3772" 0 0 0 1 0 0
"3773" 1 0 0 0 1 1
"3774" 1 1 1 0 0 1
"3775" 0 1 0 1 0 1
"3776" 1 0 0 1 0 1
"3777" 0 0 0 0 0 0
"3778" 0 0 0 0 1 0
"3779" 0 0 0 1 1 1
"3780" 1 0 0 0 1 1
"3781" 0 0 0 0 0 0
"3782" 0 0 0 0 0 0
"3783" 0 0 0 1 0 0
"3784" 0 0 0 0 0 0
"3785" 1 1 0 0 0 1
"3786" 0 1 0 0 1 1
"3787" 1 1 0 0 1 1
"3788" 0 0 0 0 0 0
"3789" 0 0 0 0 0 0
"3790" 0 0 0 0 1 0
"3791" 1 1 0 0 0 1
"3792" 0 1 0 1 1 1
"3793" 1 1 0 0 1 1
"3794" 0 0 0 0 0 0
"3795" 1 0 0 1 1 1
"3796" 0 0 0 0 1 0
"3797" 1 0 1 0 1 1
"3798" 0 1 0 0 1 1
"3799" 1 0 0 0 1 1
"3800" 1 0 0 0 0 0
"3801" 1 0 0 1 1 1
"3802" 0 1 0 0 1 1
"3803" 0 0 0 0 0 0
"3804" 1 0 0 0 0 0
"3805" 0 0 0 1 0 0
"3806" 0 0 0 0 1 0
"3807" 0 0 1 0 0 0
"3808" 1 0 0 1 0 1
"3809" 0 1 0 1 0 1
"3810" 0 0 0 0 1 0
"3811" 1 1 0 1 0 1
"3812" 1 0 0 0 0 0
"3813" 1 0 0 0 1 1
"3814" 0 1 0 1 1 1
"3815" 0 0 1 0 0 0
"3816" 1 1 0 0 1 1
"3817" 0 0 0 1 1 1
"3818" 0 0 0 0 0 0
"3819" 0 0 0 0 1 0
"3820" 0 0 0 0 1 0
"3821" 0 0 0 0 1 0
"3822" 0 0 0 1 0 0
"3823" 0 1 0 1 0 1
"3824" 1 1 0 0 1 1
"3825" 0 1 0 0 1 1
"3826" 0 0 0 0 0 0
"3827" 0 0 0 0 0 0
"3828" 0 0 0 1 0 0
"3829" 1 1 0 0 1 1
"3830" 1 1 0 0 1 1
"3831" 0 1 0 0 0 0
"3832" 0 0 0 0 1 0
"3833" 0 1 0 0 0 0
"3834" 1 0 0 0 0 0
"3835" 0 0 0 0 0 0
"3836" 0 0 0 1 1 1
"3837" 0 0 0 0 1 0
"3838" 1 0 1 1 1 1
"3839" 0 0 1 0 0 0
"3840" 1 0 0 0 1 1
"3841" 1 0 0 0 1 1
"3842" 1 1 0 1 1 1
"3843" 1 0 0 0 0 0
"3844" 0 0 0 0 0 0
"3845" 1 0 0 0 1 1
"3846" 0 1 0 0 0 0
"3847" 0 0 0 0 0 0
"3848" 1 0 0 0 1 1
"3849" 0 0 0 0 1 0
"3850" 0 0 0 0 0 0
"3851" 0 0 0 0 1 0
"3852" 0 1 0 0 0 0
"3853" 1 0 0 0 1 1
"3854" 1 0 0 1 1 1
"3855" 1 0 0 0 0 0
"3856" 0 1 0 1 0 1
"3857" 1 0 0 1 1 1
"3858" 0 0 0 1 1 1
"3859" 0 0 0 1 0 0
"3860" 1 1 1 0 1 1
"3861" 0 0 0 0 1 0
"3862" 0 0 0 0 1 0
"3863" 0 0 0 0 0 0
"3864" 0 0 0 1 0 0
"3865" 0 0 1 1 0 1
"3866" 1 1 0 0 0 1
"3867" 1 0 0 0 0 0
"3868" 1 0 0 1 0 1
"3869" 1 0 0 1 0 1
"3870" 1 0 0 0 0 0
"3871" 0 1 0 1 1 1
"3872" 1 0 0 0 0 0
"3873" 0 0 0 0 0 0
"3874" 1 0 0 1 0 1
"3875" 1 0 0 1 0 1
"3876" 1 0 0 0 0 0
"3877" 1 0 0 0 1 1
"3878" 0 1 0 0 1 1
"3879" 1 0 0 0 1 1
"3880" 0 0 0 0 0 0
"3881" 0 0 0 1 1 1
"3882" 1 1 0 0 1 1
"3883" 0 0 0 1 0 0
"3884" 1 0 0 0 0 0
"3885" 0 0 0 0 0 0
"3886" 0 0 0 0 1 0
"3887" 0 1 0 1 0 1
"3888" 0 0 0 1 0 0
"3889" 1 0 0 1 0 1
"3890" 0 0 0 0 1 0
"3891" 1 0 0 0 0 0
"3892" 0 0 0 0 0 0
"3893" 0 0 0 1 1 1
"3894" 0 0 0 0 0 0
"3895" 1 0 0 0 0 0
"3896" 1 0 0 1 1 1
"3897" 1 1 1 1 0 1
"3898" 1 0 0 1 0 1
"3899" 0 0 1 0 0 0
"3900" 1 1 0 0 0 1
"3901" 0 0 0 0 1 0
"3902" 1 1 0 0 0 1
"3903" 1 1 0 1 0 1
"3904" 1 0 0 0 0 0
"3905" 0 1 0 1 0 1
"3906" 0 0 0 1 1 1
"3907" 0 1 0 0 0 0
"3908" 0 0 0 1 0 0
"3909" 0 0 0 0 0 0
"3910" 0 0 0 0 1 0
"3911" 0 0 0 1 0 0
"3912" 1 0 0 1 1 1
"3913" 1 1 0 1 0 1
"3914" 1 0 0 1 0 1
"3915" 1 0 0 0 0 0
"3916" 0 1 0 0 0 0
"3917" 0 1 1 0 0 1
"3918" 0 0 0 0 0 0
"3919" 0 0 0 0 0 0
"3920" 1 0 0 0 0 0
"3921" 0 0 0 0 1 0
"3922" 0 1 0 1 0 1
"3923" 0 0 0 0 1 0
"3924" 0 0 1 0 1 1
"3925" 0 0 0 0 1 0
"3926" 0 1 0 1 0 1
"3927" 1 0 0 1 0 1
"3928" 0 0 0 0 0 0
"3929" 0 0 1 1 1 1
"3930" 1 0 0 0 0 0
"3931" 1 0 0 1 1 1
"3932" 0 0 0 1 0 0
"3933" 1 0 0 0 1 1
"3934" 0 0 0 0 0 0
"3935" 0 0 0 0 0 0
"3936" 1 0 0 1 1 1
"3937" 1 0 0 0 1 1
"3938" 0 1 0 1 0 1
"3939" 0 0 0 1 1 1
"3940" 1 0 0 1 1 1
"3941" 0 0 0 0 0 0
"3942" 1 0 0 0 1 1
"3943" 0 1 0 0 0 0
"3944" 1 0 0 1 0 1
"3945" 0 0 0 0 0 0
"3946" 1 0 0 0 0 0
"3947" 1 1 0 1 0 1
"3948" 0 0 0 1 1 1
"3949" 0 0 0 1 1 1
"3950" 0 0 0 1 1 1
"3951" 0 0 1 1 0 1
"3952" 0 0 1 0 1 1
"3953" 0 1 0 1 1 1
"3954" 0 0 0 0 0 0
"3955" 0 1 0 0 0 0
"3956" 0 0 0 1 1 1
"3957" 1 0 0 1 0 1
"3958" 1 1 0 0 0 1
"3959" 1 0 1 1 1 1
"3960" 1 0 0 1 0 1
"3961" 0 0 0 0 1 0
"3962" 0 0 0 1 0 0
"3963" 0 0 1 0 1 1
"3964" 0 0 0 0 0 0
"3965" 1 1 0 1 1 1
"3966" 1 1 0 0 0 1
"3967" 1 0 0 1 1 1
"3968" 0 0 1 0 1 1
"3969" 1 0 0 0 0 0
"3970" 0 0 0 0 0 0
"3971" 1 0 0 0 0 0
"3972" 0 0 0 0 1 0
"3973" 0 0 0 1 0 0
"3974" 0 1 0 1 1 1
"3975" 1 0 0 0 0 0
"3976" 0 0 1 0 1 1
"3977" 0 0 0 0 1 0
"3978" 1 0 0 1 0 1
"3979" 1 0 1 0 1 1
"3980" 1 1 0 1 1 1
"3981" 0 1 0 0 0 0
"3982" 0 0 0 0 1 0
"3983" 1 0 0 0 0 0
"3984" 1 0 0 0 0 0
"3985" 1 0 0 0 1 1
"3986" 1 1 0 1 1 1
"3987" 0 1 0 0 0 0
"3988" 1 0 0 0 0 0
"3989" 0 1 0 1 0 1
"3990" 0 0 0 1 0 0
"3991" 1 0 0 1 1 1
"3992" 0 1 0 0 1 1
"3993" 1 0 0 1 0 1
"3994" 0 1 0 1 0 1
"3995" 1 0 0 0 1 1
"3996" 1 0 0 0 0 0
"3997" 1 0 0 0 1 1
"3998" 1 0 0 0 1 1
"3999" 1 0 0 0 0 0
"4000" 0 0 0 0 1 0
"4001" 1 0 0 0 0 0
"4002" 1 0 0 0 0 0
"4003" 1 0 0 1 1 1
"4004" 1 0 1 0 0 1
"4005" 0 0 0 1 0 0
"4006" 1 0 0 0 0 0
"4007" 0 0 1 0 0 0
"4008" 0 1 0 0 0 0
"4009" 0 0 0 0 0 0
"4010" 0 0 0 1 0 0
"4011" 0 1 1 1 0 1
"4012" 1 0 0 0 0 0
"4013" 1 0 0 1 1 1
"4014" 0 0 0 0 1 0
"4015" 0 0 0 1 1 1
"4016" 0 1 0 0 1 1
"4017" 0 0 0 0 0 0
"4018" 0 0 1 0 1 1
"4019" 0 0 0 0 1 0
"4020" 0 0 0 0 1 0
"4021" 1 0 0 0 1 1
"4022" 1 0 0 0 0 0
"4023" 0 0 0 1 1 1
"4024" 0 0 0 1 1 1
"4025" 0 0 0 0 1 0
"4026" 1 0 0 0 0 0
"4027" 0 0 0 0 1 0
"4028" 0 0 0 1 0 0
"4029" 0 0 0 0 1 0
"4030" 0 0 0 0 1 0
"4031" 0 0 1 1 0 1
"4032" 0 0 0 1 1 1
"4033" 0 0 0 0 1 0
"4034" 0 1 0 0 1 1
"4035" 0 1 0 0 0 0
"4036" 0 0 0 0 0 0
"4037" 0 1 0 1 0 1
"4038" 0 0 0 0 1 0
"4039" 1 0 0 0 0 0
"4040" 0 0 0 0 1 0
"4041" 1 0 0 0 0 0
"4042" 0 0 0 1 1 1
"4043" 0 0 1 0 0 0
"4044" 1 1 0 0 0 1
"4045" 0 1 0 0 0 0
"4046" 1 1 0 0 0 1
"4047" 0 0 0 1 0 0
"4048" 0 0 0 0 1 0
"4049" 1 0 1 0 0 1
"4050" 1 0 0 0 0 0
"4051" 1 1 0 0 1 1
"4052" 0 1 0 0 0 0
"4053" 1 1 0 1 0 1
"4054" 0 0 0 1 1 1
"4055" 0 0 0 0 1 0
"4056" 0 0 0 0 1 0
"4057" 0 0 0 0 1 0
"4058" 0 0 0 0 0 0
"4059" 1 0 0 1 0 1
"4060" 1 0 0 1 1 1
"4061" 0 0 0 1 0 0
"4062" 0 1 0 0 0 0
"4063" 1 0 0 0 0 0
"4064" 1 0 0 0 0 0
"4065" 1 0 1 1 1 1
"4066" 0 0 1 0 0 0
"4067" 0 1 1 0 1 1
"4068" 1 0 0 0 1 1
"4069" 1 0 0 0 0 0
"4070" 0 0 0 0 0 0
"4071" 1 0 0 0 1 1
"4072" 1 1 0 0 0 1
"4073" 1 0 0 0 1 1
"4074" 1 0 0 0 1 1
"4075" 1 0 0 1 1 1
"4076" 1 0 0 1 1 1
"4077" 0 0 0 0 1 0
"4078" 0 1 0 0 0 0
"4079" 1 0 0 0 0 0
"4080" 0 0 0 1 0 0
"4081" 1 0 0 1 1 1
"4082" 0 0 0 0 0 0
"4083" 0 0 0 1 1 1
"4084" 1 0 0 0 0 0
"4085" 1 0 0 0 1 1
"4086" 1 0 0 0 0 0
"4087" 1 0 0 1 1 1
"4088" 0 0 0 1 0 0
"4089" 0 1 1 0 0 1
"4090" 0 0 0 0 1 0
"4091" 0 0 0 1 0 0
"4092" 1 1 0 0 0 1
"4093" 0 0 0 1 0 0
"4094" 0 1 0 1 1 1
"4095" 0 0 0 0 0 0
"4096" 0 0 1 1 0 1
"4097" 0 0 0 0 0 0
"4098" 0 0 0 0 0 0
"4099" 0 0 0 0 1 0
"4100" 0 0 0 0 0 0
"4101" 0 0 0 1 0 0
"4102" 0 0 1 1 1 1
"4103" 0 1 0 0 0 0
"4104" 0 1 0 1 0 1
"4105" 0 0 0 0 1 0
"4106" 1 0 0 0 1 1
"4107" 1 1 0 0 0 1
"4108" 1 0 0 0 1 1
"4109" 0 0 0 0 1 0
"4110" 1 0 0 0 1 1
"4111" 1 0 0 1 0 1
"4112" 0 0 0 0 0 0
"4113" 0 0 0 0 0 0
"4114" 1 0 0 1 1 1
"4115" 1 1 0 0 0 1
"4116" 1 1 0 0 0 1
"4117" 0 0 1 1 1 1
"4118" 1 0 0 0 0 0
"4119" 0 1 0 1 0 1
"4120" 1 1 0 0 1 1
"4121" 0 0 0 0 1 0
"4122" 0 1 0 0 0 0
"4123" 1 0 0 1 0 1
"4124" 0 0 0 0 1 0
"4125" 0 0 0 0 1 0
"4126" 0 0 0 1 0 0
"4127" 1 0 0 0 1 1
"4128" 0 0 1 0 0 0
"4129" 1 0 0 0 1 1
"4130" 1 0 0 0 0 0
"4131" 0 0 0 0 0 0
"4132" 0 0 0 1 1 1
"4133" 1 0 0 1 0 1
"4134" 1 0 1 1 1 1
"4135" 1 0 0 0 1 1
"4136" 0 1 0 1 1 1
"4137" 0 0 0 0 1 0
"4138" 0 0 0 0 1 0
"4139" 0 0 0 0 1 0
"4140" 1 1 0 0 0 1
"4141" 0 0 0 0 1 0
"4142" 1 0 0 1 0 1
"4143" 1 0 0 1 0 1
"4144" 1 0 0 0 0 0
"4145" 0 0 0 1 0 0
"4146" 0 0 0 0 1 0
"4147" 0 0 0 1 0 0
"4148" 0 0 0 0 1 0
"4149" 0 0 0 1 1 1
"4150" 0 0 0 1 1 1
"4151" 0 0 0 0 1 0
"4152" 0 0 0 1 1 1
"4153" 1 0 0 0 0 0
"4154" 0 1 0 0 0 0
"4155" 0 0 0 1 1 1
"4156" 0 0 0 0 0 0
"4157" 1 0 0 0 1 1
"4158" 0 0 0 1 0 0
"4159" 0 0 0 0 1 0
"4160" 1 0 0 0 1 1
"4161" 1 1 0 1 0 1
"4162" 0 0 0 0 1 0
"4163" 0 0 0 1 1 1
"4164" 1 0 0 1 1 1
"4165" 0 0 0 0 1 0
"4166" 0 0 0 0 1 0
"4167" 0 0 1 1 0 1
"4168" 1 0 0 0 0 0
"4169" 0 1 0 1 0 1
"4170" 0 1 0 0 0 0
"4171" 0 0 0 0 0 0
"4172" 0 0 0 1 1 1
"4173" 1 0 0 0 0 0
"4174" 0 1 0 1 0 1
"4175" 1 0 0 0 0 0
"4176" 1 0 0 1 1 1
"4177" 1 0 0 0 1 1
"4178" 0 0 0 1 1 1
"4179" 0 0 0 0 1 0
"4180" 0 0 0 0 1 0
"4181" 1 0 0 0 1 1
"4182" 0 0 0 1 1 1
"4183" 0 0 0 0 0 0
"4184" 1 0 0 0 0 0
"4185" 1 1 0 0 0 1
"4186" 0 0 0 1 0 0
"4187" 0 0 0 0 0 0
"4188" 1 0 0 1 0 1
"4189" 0 1 0 0 1 1
"4190" 0 0 0 0 0 0
"4191" 1 1 0 0 0 1
"4192" 1 0 0 0 0 0
"4193" 1 0 0 0 1 1
"4194" 0 0 0 1 1 1
"4195" 0 1 0 0 0 0
"4196" 1 0 0 0 0 0
"4197" 1 0 0 0 1 1
"4198" 0 1 0 1 1 1
"4199" 0 1 0 1 0 1
"4200" 0 1 0 0 1 1
"4201" 0 0 0 1 0 0
"4202" 0 0 0 0 1 0
"4203" 1 0 0 1 0 1
"4204" 1 1 0 0 1 1
"4205" 0 0 0 0 1 0
"4206" 0 0 0 0 1 0
"4207" 1 0 0 0 1 1
"4208" 0 0 0 0 0 0
"4209" 1 0 0 0 0 0
"4210" 1 1 0 1 1 1
"4211" 0 1 0 0 0 0
"4212" 1 0 0 1 0 1
"4213" 0 1 1 0 1 1
"4214" 0 0 0 0 0 0
"4215" 1 0 0 0 0 0
"4216" 0 0 0 1 1 1
"4217" 0 0 1 0 0 0
"4218" 0 0 0 0 0 0
"4219" 0 0 0 1 1 1
"4220" 1 0 1 1 0 1
"4221" 1 0 1 1 0 1
"4222" 0 0 0 1 1 1
"4223" 1 0 0 0 0 0
"4224" 0 0 0 0 1 0
"4225" 0 0 0 0 1 0
"4226" 0 0 0 0 0 0
"4227" 1 1 0 0 1 1
"4228" 1 0 0 1 1 1
"4229" 1 0 0 0 1 1
"4230" 0 1 0 0 0 0
"4231" 0 1 0 0 1 1
"4232" 1 0 0 0 0 0
"4233" 0 1 0 0 0 0
"4234" 0 1 0 0 1 1
"4235" 0 0 0 0 0 0
"4236" 1 1 0 0 0 1
"4237" 1 0 0 1 0 1
"4238" 1 0 1 0 0 1
"4239" 1 1 0 0 1 1
"4240" 0 1 0 1 1 1
"4241" 0 0 0 1 1 1
"4242" 0 0 1 0 1 1
"4243" 0 0 1 0 1 1
"4244" 0 1 1 0 0 1
"4245" 1 0 1 1 1 1
"4246" 1 1 0 1 1 1
"4247" 1 0 0 0 0 0
"4248" 1 0 0 0 1 1
"4249" 0 0 0 0 1 0
"4250" 0 1 0 1 1 1
"4251" 0 1 0 0 0 0
"4252" 1 1 0 0 1 1
"4253" 0 0 0 0 0 0
"4254" 0 0 0 1 1 1
"4255" 1 0 1 0 1 1
"4256" 1 0 0 1 1 1
"4257" 1 0 0 0 1 1
"4258" 1 1 0 0 0 1
"4259" 1 1 0 0 0 1
"4260" 0 0 0 0 0 0
"4261" 1 0 0 0 0 0
"4262" 0 0 0 1 1 1
"4263" 1 0 0 0 1 1
"4264" 0 0 0 0 0 0
"4265" 0 1 1 0 0 1
"4266" 0 0 1 0 0 0
"4267" 0 1 0 1 0 1
"4268" 1 0 0 0 0 0
"4269" 1 0 0 0 0 0
"4270" 0 0 0 1 0 0
"4271" 1 0 0 1 0 1
"4272" 0 0 0 0 0 0
"4273" 0 1 0 0 0 0
"4274" 0 0 0 0 1 0
"4275" 0 0 1 0 1 1
"4276" 0 1 0 0 0 0
"4277" 1 0 1 0 0 1
"4278" 1 0 0 0 0 0
"4279" 1 0 0 1 1 1
"4280" 1 0 0 0 0 0
"4281" 0 1 0 0 0 0
"4282" 1 0 0 0 1 1
"4283" 0 1 0 0 0 0
"4284" 0 0 0 0 0 0
"4285" 1 0 0 0 0 0
"4286" 0 0 0 0 1 0
"4287" 0 1 0 1 0 1
"4288" 0 1 0 1 1 1
"4289" 0 1 0 0 1 1
"4290" 1 1 0 0 1 1
"4291" 0 1 1 0 0 1
"4292" 1 0 0 1 0 1
"4293" 0 1 0 0 0 0
"4294" 0 1 0 0 1 1
"4295" 0 0 0 0 0 0
"4296" 1 0 0 0 0 0
"4297" 1 1 0 0 0 1
"4298" 1 1 0 0 0 1
"4299" 1 1 0 0 1 1
"4300" 1 0 0 1 0 1
"4301" 1 0 0 0 0 0
"4302" 0 0 0 0 1 0
"4303" 1 0 0 0 0 0
"4304" 0 1 0 0 0 0
"4305" 0 1 0 1 1 1
"4306" 1 0 0 0 0 0
"4307" 0 0 0 0 1 0
"4308" 0 0 0 0 0 0
"4309" 1 0 0 0 1 1
"4310" 0 0 0 0 0 0
"4311" 0 1 0 1 0 1
"4312" 0 1 0 0 1 1
"4313" 0 0 0 1 0 0
"4314" 0 1 0 0 0 0
"4315" 1 0 0 0 1 1
"4316" 1 0 1 1 1 1
"4317" 0 0 0 0 1 0
"4318" 0 0 0 0 0 0
"4319" 1 0 0 0 0 0
"4320" 0 0 0 0 1 0
"4321" 0 0 0 0 1 0
"4322" 0 0 1 0 1 1
"4323" 1 0 0 0 1 1
"4324" 0 0 0 0 0 0
"4325" 1 0 0 1 1 1
"4326" 0 0 0 1 1 1
"4327" 0 0 0 1 0 0
"4328" 0 0 0 0 0 0
"4329" 0 1 0 0 1 1
"4330" 1 0 0 0 1 1
"4331" 0 0 0 0 1 0
"4332" 0 0 0 0 0 0
"4333" 0 1 0 0 1 1
"4334" 0 0 0 0 0 0
"4335" 0 0 0 0 0 0
"4336" 0 0 0 0 1 0
"4337" 0 1 0 0 0 0
"4338" 0 0 0 0 0 0
"4339" 0 0 0 0 0 0
"4340" 0 1 1 0 1 1
"4341" 1 0 0 0 0 0
"4342" 1 0 0 0 1 1
"4343" 0 0 0 0 0 0
"4344" 1 1 0 0 0 1
"4345" 1 0 0 0 1 1
"4346" 0 0 0 0 1 0
"4347" 0 0 0 0 0 0
"4348" 0 0 0 0 0 0
"4349" 1 0 0 0 0 0
"4350" 0 1 1 1 0 1
"4351" 0 0 0 1 1 1
"4352" 1 0 0 0 0 0
"4353" 0 0 0 0 1 0
"4354" 0 0 0 0 0 0
"4355" 0 0 0 0 0 0
"4356" 0 0 0 1 1 1
"4357" 0 0 0 0 1 0
"4358" 1 1 0 0 1 1
"4359" 1 0 0 0 1 1
"4360" 0 0 0 0 0 0
"4361" 0 0 0 1 1 1
"4362" 1 0 1 0 1 1
"4363" 0 0 0 1 1 1
"4364" 1 0 0 0 0 0
"4365" 0 0 0 0 0 0
"4366" 0 0 0 1 1 1
"4367" 0 0 0 0 1 0
"4368" 1 0 0 0 1 1
"4369" 0 0 0 0 0 0
"4370" 0 0 0 0 0 0
"4371" 0 1 0 1 0 1
"4372" 0 0 0 0 1 0
"4373" 0 0 0 0 1 0
"4374" 0 0 0 1 0 0
"4375" 0 0 0 0 1 0
"4376" 1 0 0 0 1 1
"4377" 1 0 0 0 0 0
"4378" 0 1 0 1 1 1
"4379" 1 0 0 0 0 0
"4380" 1 1 1 0 0 1
"4381" 0 0 1 0 0 0
"4382" 0 0 1 1 0 1
"4383" 1 0 0 0 1 1
"4384" 1 0 0 0 1 1
"4385" 1 1 0 0 0 1
"4386" 0 0 0 0 1 0
"4387" 0 0 0 0 1 0
"4388" 1 0 0 0 1 1
"4389" 1 0 0 1 1 1
"4390" 1 1 0 0 1 1
"4391" 1 1 0 0 0 1
"4392" 0 1 0 0 1 1
"4393" 0 0 0 0 1 0
"4394" 1 1 1 0 0 1
"4395" 0 1 0 0 1 1
"4396" 0 0 0 0 0 0
"4397" 0 1 0 0 1 1
"4398" 1 1 0 0 0 1
"4399" 1 0 0 0 0 0
"4400" 1 0 0 1 1 1
"4401" 0 0 0 1 0 0
"4402" 1 0 0 0 1 1
"4403" 0 0 0 0 1 0
"4404" 0 1 0 1 1 1
"4405" 0 0 0 0 1 0
"4406" 0 0 0 0 1 0
"4407" 0 0 1 0 0 0
"4408" 1 0 0 0 0 0
"4409" 0 0 0 0 0 0
"4410" 0 0 1 0 0 0
"4411" 0 0 1 0 1 1
"4412" 1 0 1 0 1 1
"4413" 1 0 0 0 1 1
"4414" 0 0 0 1 1 1
"4415" 0 0 0 1 1 1
"4416" 0 0 0 0 0 0
"4417" 0 0 1 0 0 0
"4418" 1 0 0 0 0 0
"4419" 0 1 0 1 0 1
"4420" 0 1 0 0 0 0
"4421" 0 0 0 0 0 0
"4422" 1 0 0 0 0 0
"4423" 1 1 0 1 0 1
"4424" 1 0 0 1 1 1
"4425" 1 0 0 0 1 1
"4426" 1 0 0 0 1 1
"4427" 0 0 1 0 1 1
"4428" 1 0 0 0 1 1
"4429" 1 0 0 0 1 1
"4430" 0 0 0 0 0 0
"4431" 1 0 0 1 1 1
"4432" 0 0 0 1 1 1
"4433" 0 0 0 0 0 0
"4434" 0 0 0 0 0 0
"4435" 1 0 0 1 1 1
"4436" 1 0 0 0 1 1
"4437" 1 0 0 1 1 1
"4438" 0 0 0 1 1 1
"4439" 1 1 0 0 0 1
"4440" 1 0 0 1 1 1
"4441" 0 1 0 1 1 1
"4442" 1 0 0 0 1 1
"4443" 0 0 0 0 1 0
"4444" 1 0 0 0 1 1
"4445" 1 0 1 0 1 1
"4446" 0 0 0 0 0 0
"4447" 0 0 0 1 0 0
"4448" 0 0 1 1 0 1
"4449" 1 0 0 0 1 1
"4450" 1 0 0 0 1 1
"4451" 0 0 0 1 1 1
"4452" 0 1 0 0 0 0
"4453" 0 0 0 1 1 1
"4454" 1 0 0 0 0 0
"4455" 0 0 0 0 0 0
"4456" 0 0 0 0 1 0
"4457" 0 0 0 0 0 0
"4458" 1 0 0 0 0 0
"4459" 0 1 1 0 0 1
"4460" 0 0 0 0 0 0
"4461" 0 0 0 0 1 0
"4462" 0 0 0 0 0 0
"4463" 0 0 0 1 0 0
"4464" 0 0 0 1 0 0
"4465" 0 0 0 0 0 0
"4466" 0 0 0 0 1 0
"4467" 1 1 0 0 1 1
"4468" 0 1 0 0 1 1
"4469" 0 0 0 0 1 0
"4470" 0 0 0 0 1 0
"4471" 0 0 0 0 0 0
"4472" 0 0 0 0 0 0
"4473" 0 0 0 0 1 0
"4474" 0 0 0 0 0 0
"4475" 0 0 0 0 0 0
"4476" 0 0 0 0 1 0
"4477" 1 0 0 0 0 0
"4478" 0 0 1 0 0 0
"4479" 1 0 0 1 1 1
"4480" 0 0 0 1 1 1
"4481" 0 0 0 0 1 0
"4482" 0 0 0 1 1 1
"4483" 0 0 0 0 1 0
"4484" 0 0 0 0 0 0
"4485" 1 0 0 0 1 1
"4486" 0 0 0 1 1 1
"4487" 1 0 0 0 1 1
"4488" 1 0 0 0 1 1
"4489" 0 1 1 0 1 1
"4490" 0 1 0 0 1 1
"4491" 0 0 0 1 1 1
"4492" 0 0 0 0 1 0
"4493" 1 0 0 0 0 0
"4494" 1 1 1 1 1 1
"4495" 0 0 0 0 1 0
"4496" 1 0 0 1 1 1
"4497" 0 0 1 1 0 1
"4498" 0 0 0 0 0 0
"4499" 1 0 0 1 1 1
"4500" 1 1 0 0 1 1
"4501" 1 0 0 0 1 1
"4502" 0 1 0 1 1 1
"4503" 1 0 0 1 1 1
"4504" 0 1 0 1 0 1
"4505" 1 0 0 1 0 1
"4506" 0 0 0 0 1 0
"4507" 0 0 0 1 1 1
"4508" 0 1 0 0 0 0
"4509" 0 0 0 0 0 0
"4510" 0 0 0 0 1 0
"4511" 0 0 0 1 0 0
"4512" 0 1 0 0 1 1
"4513" 1 1 0 0 1 1
"4514" 1 0 0 0 0 0
"4515" 0 0 0 0 1 0
"4516" 1 0 1 0 1 1
"4517" 0 0 0 0 0 0
"4518" 0 0 0 0 0 0
"4519" 0 0 1 0 0 0
"4520" 1 0 0 0 0 0
"4521" 0 0 0 0 1 0
"4522" 1 0 0 1 1 1
"4523" 0 1 0 0 1 1
"4524" 0 0 0 1 0 0
"4525" 0 0 1 0 1 1
"4526" 1 0 0 0 0 0
"4527" 0 0 0 0 0 0
"4528" 1 0 0 1 0 1
"4529" 0 0 0 0 0 0
"4530" 0 0 0 1 1 1
"4531" 0 0 0 0 1 0
"4532" 1 1 0 0 0 1
"4533" 0 0 0 1 1 1
"4534" 0 0 0 0 0 0
"4535" 0 1 0 0 0 0
"4536" 0 0 0 0 0 0
"4537" 1 0 0 0 1 1
"4538" 0 0 0 0 0 0
"4539" 0 1 0 0 0 0
"4540" 1 0 0 0 0 0
"4541" 0 1 0 0 1 1
"4542" 1 0 0 0 1 1
"4543" 0 0 0 1 0 0
"4544" 0 0 0 0 0 0
"4545" 1 1 0 0 0 1
"4546" 1 0 0 0 0 0
"4547" 0 0 0 0 1 0
"4548" 1 0 0 0 0 0
"4549" 1 0 1 1 0 1
"4550" 0 0 0 0 0 0
"4551" 1 1 0 1 0 1
"4552" 1 0 0 0 0 0
"4553" 1 0 0 0 1 1
"4554" 0 0 0 0 1 0
"4555" 0 0 0 1 0 0
"4556" 1 0 0 1 0 1
"4557" 1 0 0 0 1 1
"4558" 0 0 0 0 1 0
"4559" 1 0 0 0 1 1
"4560" 1 1 0 0 1 1
"4561" 0 1 0 0 1 1
"4562" 1 0 0 0 1 1
"4563" 0 1 0 0 0 0
"4564" 1 1 0 0 1 1
"4565" 1 0 1 0 1 1
"4566" 0 1 0 0 0 0
"4567" 1 0 0 0 0 0
"4568" 0 0 0 0 0 0
"4569" 1 1 0 0 0 1
"4570" 0 0 0 0 0 0
"4571" 0 0 1 0 0 0
"4572" 0 1 0 0 1 1
"4573" 1 0 0 1 1 1
"4574" 1 0 0 0 0 0
"4575" 0 0 0 0 0 0
"4576" 0 0 0 0 0 0
"4577" 1 1 0 0 1 1
"4578" 0 0 0 0 0 0
"4579" 1 0 0 1 1 1
"4580" 1 1 0 1 0 1
"4581" 0 0 0 0 1 0
"4582" 0 0 0 1 0 0
"4583" 1 0 0 0 0 0
"4584" 0 1 0 1 1 1
"4585" 0 0 1 0 0 0
"4586" 0 0 0 1 1 1
"4587" 0 0 0 1 1 1
"4588" 1 0 0 0 1 1
"4589" 0 0 0 0 1 0
"4590" 0 0 0 0 0 0
"4591" 0 0 0 0 1 0
"4592" 0 0 0 0 1 0
"4593" 1 0 0 0 0 0
"4594" 0 0 1 1 0 1
"4595" 0 0 1 0 0 0
"4596" 0 0 0 1 0 0
"4597" 0 0 0 1 0 0
"4598" 1 0 0 1 1 1
"4599" 0 0 0 0 0 0
"4600" 0 0 0 1 1 1
"4601" 0 0 0 0 1 0
"4602" 1 1 1 0 0 1
"4603" 1 0 0 0 1 1
"4604" 0 1 0 1 0 1
"4605" 0 0 0 0 1 0
"4606" 1 0 0 1 1 1
"4607" 1 0 0 1 1 1
"4608" 0 0 1 0 0 0
"4609" 0 1 0 1 1 1
"4610" 0 0 0 0 0 0
"4611" 1 1 0 0 1 1
"4612" 1 0 0 1 0 1
"4613" 0 0 0 1 1 1
"4614" 1 0 0 1 1 1
"4615" 1 0 1 1 1 1
"4616" 1 0 1 0 1 1
"4617" 1 0 0 0 1 1
"4618" 0 0 0 0 1 0
"4619" 1 1 0 0 1 1
"4620" 0 0 0 0 0 0
"4621" 0 0 0 0 0 0
"4622" 0 0 0 0 0 0
"4623" 1 1 0 1 1 1
"4624" 0 1 0 0 0 0
"4625" 0 0 0 0 0 0
"4626" 1 0 0 0 0 0
"4627" 0 0 0 0 0 0
"4628" 0 1 0 0 1 1
"4629" 1 0 0 0 0 0
"4630" 0 0 0 0 1 0
"4631" 0 0 0 1 1 1
"4632" 1 0 0 0 1 1
"4633" 0 1 0 1 1 1
"4634" 0 0 0 0 0 0
"4635" 1 0 0 1 1 1
"4636" 0 0 1 1 0 1
"4637" 1 1 0 0 0 1
"4638" 1 1 0 0 1 1
"4639" 1 0 0 1 0 1
"4640" 0 0 0 1 0 0
"4641" 1 0 0 1 0 1
"4642" 1 0 1 0 0 1
"4643" 0 1 0 0 0 0
"4644" 0 0 1 0 0 0
"4645" 0 1 1 0 1 1
"4646" 0 1 0 1 1 1
"4647" 1 1 0 0 0 1
"4648" 0 1 0 0 0 0
"4649" 0 0 0 0 0 0
"4650" 1 0 0 1 0 1
"4651" 0 0 0 0 1 0
"4652" 1 1 0 0 0 1
"4653" 1 0 0 1 1 1
"4654" 0 0 0 0 0 0
"4655" 0 0 0 0 0 0
"4656" 0 1 0 1 1 1
"4657" 0 0 0 1 1 1
"4658" 1 0 0 1 1 1
"4659" 0 1 0 0 0 0
"4660" 1 0 0 0 1 1
"4661" 1 0 0 0 1 1
"4662" 0 0 0 0 1 0
"4663" 0 0 0 0 0 0
"4664" 1 1 0 0 1 1
"4665" 0 0 0 1 0 0
"4666" 1 0 1 0 1 1
"4667" 1 0 0 0 0 0
"4668" 1 1 0 0 1 1
"4669" 0 0 1 1 1 1
"4670" 1 0 0 0 0 0
"4671" 0 0 0 0 1 0
"4672" 0 0 0 1 1 1
"4673" 1 0 1 1 0 1
"4674" 1 0 0 0 0 0
"4675" 1 0 0 0 1 1
"4676" 1 0 0 0 0 0
"4677" 0 0 0 0 1 0
"4678" 1 0 0 0 1 1
"4679" 0 0 0 0 1 0
"4680" 0 0 0 1 0 0
"4681" 0 0 0 0 0 0
"4682" 1 0 0 0 0 0
"4683" 1 0 0 0 0 0
"4684" 1 0 1 0 1 1
"4685" 1 0 0 0 1 1
"4686" 0 0 0 0 1 0
"4687" 0 0 0 1 0 0
"4688" 1 0 1 0 1 1
"4689" 0 0 1 0 0 0
"4690" 1 0 0 1 1 1
"4691" 0 0 1 0 0 0
"4692" 0 1 0 0 0 0
"4693" 0 0 0 0 1 0
"4694" 1 0 0 1 0 1
"4695" 0 0 0 0 1 0
"4696" 0 1 1 1 0 1
"4697" 0 0 0 1 0 0
"4698" 1 0 0 1 0 1
"4699" 1 0 0 1 1 1
"4700" 0 0 0 1 0 0
"4701" 0 1 1 0 0 1
"4702" 1 0 0 0 0 0
"4703" 1 1 0 1 0 1
"4704" 0 1 0 0 1 1
"4705" 1 1 0 1 1 1
"4706" 1 0 0 0 1 1
"4707" 1 0 0 0 0 0
"4708" 1 0 0 0 1 1
"4709" 0 0 1 1 0 1
"4710" 0 1 1 0 1 1
"4711" 1 1 0 0 0 1
"4712" 1 1 1 0 0 1
"4713" 0 0 0 1 1 1
"4714" 0 0 0 0 0 0
"4715" 0 0 0 0 0 0
"4716" 0 0 0 0 1 0
"4717" 0 1 1 1 1 1
"4718" 0 0 0 0 0 0
"4719" 1 1 0 0 1 1
"4720" 1 0 0 1 0 1
"4721" 1 0 0 0 1 1
"4722" 0 0 0 0 0 0
"4723" 0 0 1 0 1 1
"4724" 1 0 0 0 1 1
"4725" 0 0 0 1 1 1
"4726" 0 0 0 1 1 1
"4727" 1 0 0 1 1 1
"4728" 0 0 0 0 1 0
"4729" 1 0 0 0 1 1
"4730" 0 0 0 1 1 1
"4731" 1 1 1 0 0 1
"4732" 1 0 0 0 1 1
"4733" 0 1 0 0 0 0
"4734" 0 1 0 1 0 1
"4735" 0 0 0 0 1 0
"4736" 1 1 0 0 0 1
"4737" 0 0 0 0 0 0
"4738" 1 0 0 0 1 1
"4739" 1 0 0 0 0 0
"4740" 1 0 1 0 0 1
"4741" 0 0 0 0 0 0
"4742" 1 0 0 1 0 1
"4743" 1 1 0 1 1 1
"4744" 1 0 1 0 0 1
"4745" 1 1 0 1 1 1
"4746" 0 0 0 0 1 0
"4747" 1 0 0 1 0 1
"4748" 1 0 0 0 0 0
"4749" 1 0 0 0 0 0
"4750" 1 0 0 1 1 1
"4751" 0 0 0 0 0 0
"4752" 0 0 0 0 1 0
"4753" 1 0 0 0 1 1
"4754" 1 0 0 0 0 0
"4755" 0 0 0 0 1 0
"4756" 1 0 0 0 0 0
"4757" 0 1 0 0 0 0
"4758" 0 0 0 0 0 0
"4759" 1 0 0 1 1 1
"4760" 0 0 0 0 0 0
"4761" 0 0 0 1 0 0
"4762" 1 0 0 0 1 1
"4763" 1 1 0 0 1 1
"4764" 1 0 0 0 1 1
"4765" 0 1 1 0 0 1
"4766" 0 0 0 1 0 0
"4767" 1 0 0 1 1 1
"4768" 0 0 0 0 1 0
"4769" 0 0 0 0 0 0
"4770" 0 0 0 0 1 0
"4771" 1 0 0 0 0 0
"4772" 1 1 0 0 1 1
"4773" 0 1 0 0 0 0
"4774" 0 0 0 0 1 0
"4775" 0 0 0 1 0 0
"4776" 0 0 0 0 0 0
"4777" 1 0 0 1 1 1
"4778" 1 0 0 0 1 1
"4779" 0 1 0 0 0 0
"4780" 0 0 0 1 0 0
"4781" 1 0 0 0 0 0
"4782" 1 0 1 0 1 1
"4783" 0 0 0 0 1 0
"4784" 1 0 0 0 0 0
"4785" 0 0 0 0 0 0
"4786" 0 0 0 0 0 0
"4787" 1 0 0 1 1 1
"4788" 1 0 0 1 1 1
"4789" 1 0 0 0 1 1
"4790" 0 1 0 1 1 1
"4791" 1 0 0 1 0 1
"4792" 0 1 0 0 0 0
"4793" 1 0 0 1 0 1
"4794" 1 1 0 0 1 1
"4795" 0 0 0 0 1 0
"4796" 0 0 0 1 1 1
"4797" 0 0 0 0 1 0
"4798" 0 0 0 0 1 0
"4799" 0 0 0 0 0 0
"4800" 0 0 0 0 1 0
"4801" 0 0 0 0 0 0
"4802" 1 0 0 0 0 0
"4803" 0 0 0 0 1 0
"4804" 0 0 0 0 1 0
"4805" 0 0 0 0 1 0
"4806" 1 0 0 1 1 1
"4807" 1 0 0 0 0 0
"4808" 1 0 0 0 1 1
"4809" 1 0 0 0 1 1
"4810" 1 0 0 0 0 0
"4811" 1 0 0 0 0 0
"4812" 0 0 0 1 1 1
"4813" 0 0 0 0 0 0
"4814" 1 0 0 1 0 1
"4815" 0 0 0 1 1 1
"4816" 1 0 1 0 1 1
"4817" 1 0 0 1 0 1
"4818" 0 0 0 0 1 0
"4819" 0 0 0 1 1 1
"4820" 1 0 0 1 1 1
"4821" 1 0 0 1 0 1
"4822" 0 0 0 1 1 1
"4823" 0 0 0 0 1 0
"4824" 0 0 0 0 0 0
"4825" 0 0 0 0 0 0
"4826" 1 0 0 0 1 1
"4827" 1 0 0 1 0 1
"4828" 0 0 0 1 0 0
"4829" 0 0 0 0 0 0
"4830" 0 0 0 0 1 0
"4831" 0 0 0 0 1 0
"4832" 1 1 0 0 0 1
"4833" 0 0 0 0 1 0
"4834" 1 0 0 0 1 1
"4835" 0 1 0 0 0 0
"4836" 1 0 1 0 0 1
"4837" 0 0 0 1 1 1
"4838" 0 1 0 1 0 1
"4839" 0 0 1 0 0 0
"4840" 0 0 0 0 0 0
"4841" 0 1 0 0 1 1
"4842" 0 0 0 1 1 1
"4843" 0 1 0 1 1 1
"4844" 1 0 0 0 1 1
"4845" 0 1 0 0 0 0
"4846" 0 0 0 0 1 0
"4847" 1 0 0 0 0 0
"4848" 0 0 1 0 1 1
"4849" 1 1 0 0 0 1
"4850" 0 0 0 0 1 0
"4851" 0 0 0 0 0 0
"4852" 1 1 0 0 0 1
"4853" 1 0 0 0 1 1
"4854" 1 0 0 1 1 1
"4855" 1 0 0 0 1 1
"4856" 0 0 0 0 1 0
"4857" 1 1 0 0 0 1
"4858" 1 1 0 1 1 1
"4859" 0 0 0 0 0 0
"4860" 1 1 0 0 1 1
"4861" 0 0 0 0 1 0
"4862" 1 0 0 1 0 1
"4863" 0 0 0 0 0 0
"4864" 1 0 0 0 1 1
"4865" 1 0 0 0 0 0
"4866" 1 1 0 0 0 1
"4867" 1 0 0 0 1 1
"4868" 0 1 0 0 1 1
"4869" 1 0 0 0 1 1
"4870" 0 0 0 0 1 0
"4871" 1 1 0 0 0 1
"4872" 0 0 0 0 0 0
"4873" 0 0 0 0 0 0
"4874" 1 1 0 1 1 1
"4875" 0 0 0 0 1 0
"4876" 0 0 0 0 0 0
"4877" 1 1 0 1 0 1
"4878" 0 0 0 1 1 1
"4879" 1 0 1 0 1 1
"4880" 1 0 0 0 0 0
"4881" 1 0 0 0 0 0
"4882" 0 0 0 0 0 0
"4883" 1 0 0 0 0 0
"4884" 0 0 0 0 1 0
"4885" 0 0 0 1 1 1
"4886" 0 0 0 1 0 0
"4887" 1 0 0 0 1 1
"4888" 0 0 0 0 0 0
"4889" 0 0 0 0 0 0
"4890" 0 1 0 1 1 1
"4891" 0 0 0 0 1 0
"4892" 1 0 0 1 1 1
"4893" 1 0 0 0 0 0
"4894" 0 0 0 0 1 0
"4895" 1 0 0 1 0 1
"4896" 0 0 0 0 1 0
"4897" 0 0 1 0 1 1
"4898" 1 0 0 1 0 1
"4899" 0 0 0 0 1 0
"4900" 0 1 0 0 0 0
"4901" 0 0 0 1 0 0
"4902" 1 0 0 1 0 1
"4903" 0 1 0 1 1 1
"4904" 0 0 1 0 0 0
"4905" 1 0 0 0 1 1
"4906" 0 0 0 0 0 0
"4907" 1 0 0 0 0 0
"4908" 0 1 0 0 0 0
"4909" 0 0 0 0 0 0
"4910" 0 0 0 0 0 0
"4911" 0 0 0 0 0 0
"4912" 1 1 0 0 0 1
"4913" 0 0 0 0 0 0
"4914" 0 0 0 1 0 0
"4915" 1 0 0 1 1 1
"4916" 0 0 0 0 0 0
"4917" 0 1 0 1 1 1
"4918" 1 0 0 1 1 1
"4919" 1 0 0 0 1 1
"4920" 0 0 1 0 1 1
"4921" 0 1 0 0 0 0
"4922" 0 0 0 0 0 0
"4923" 0 1 0 1 0 1
"4924" 0 1 0 1 1 1
"4925" 0 1 0 1 1 1
"4926" 0 0 0 1 0 0
"4927" 0 0 0 0 0 0
"4928" 0 0 0 0 0 0
"4929" 1 0 0 0 1 1
"4930" 1 0 0 0 0 0
"4931" 0 0 1 1 1 1
"4932" 1 0 0 1 1 1
"4933" 0 0 1 0 0 0
"4934" 0 0 0 0 1 0
"4935" 1 0 0 1 1 1
"4936" 0 0 0 0 0 0
"4937" 0 1 0 1 0 1
"4938" 0 0 0 0 0 0
"4939" 0 1 0 1 1 1
"4940" 0 0 0 0 1 0
"4941" 0 0 0 0 1 0
"4942" 1 0 0 1 1 1
"4943" 1 1 0 0 0 1
"4944" 0 0 0 0 0 0
"4945" 1 0 1 0 0 1
"4946" 0 0 0 0 0 0
"4947" 1 1 0 0 1 1
"4948" 1 0 0 1 1 1
"4949" 0 0 1 0 0 0
"4950" 1 0 0 1 0 1
"4951" 1 1 0 0 1 1
"4952" 0 0 0 0 0 0
"4953" 0 0 0 0 1 0
"4954" 1 1 0 0 1 1
"4955" 0 1 1 0 0 1
"4956" 0 0 0 0 0 0
"4957" 0 0 0 0 1 0
"4958" 1 1 0 1 1 1
"4959" 1 0 0 0 1 1
"4960" 1 0 0 0 0 0
"4961" 0 1 0 0 1 1
"4962" 0 0 0 1 0 0
"4963" 1 0 0 0 0 0
"4964" 1 1 0 0 0 1
"4965" 1 1 0 1 0 1
"4966" 0 0 0 0 0 0
"4967" 0 0 0 0 0 0
"4968" 0 1 0 0 0 0
"4969" 0 0 0 1 1 1
"4970" 0 0 0 1 1 1
"4971" 0 0 0 0 1 0
"4972" 1 0 0 1 1 1
"4973" 0 1 0 0 0 0
"4974" 1 0 1 0 0 1
"4975" 0 0 0 0 1 0
"4976" 0 0 0 0 1 0
"4977" 1 0 0 0 1 1
"4978" 0 1 0 1 0 1
"4979" 0 0 0 0 1 0
"4980" 0 0 0 1 0 0
"4981" 0 0 0 0 0 0
"4982" 1 0 0 0 0 0
"4983" 0 0 0 0 0 0
"4984" 1 1 0 0 0 1
"4985" 0 0 0 1 0 0
"4986" 0 0 0 0 1 0
"4987" 1 0 0 0 0 0
"4988" 0 0 1 0 0 0
"4989" 0 0 0 0 0 0
"4990" 1 0 0 0 0 0
"4991" 1 0 0 0 1 1
"4992" 0 0 0 1 1 1
"4993" 0 0 0 0 0 0
"4994" 0 0 0 0 1 0
"4995" 1 0 0 0 1 1
"4996" 0 0 0 0 1 0
"4997" 0 1 0 0 0 0
"4998" 1 0 0 1 0 1
"4999" 1 1 0 0 1 1
"5000" 0 0 0 0 1 0
